1175301
107495
86331
98962
124796
108972
111083
108025
100100
115319
107231
114665
111722
111631
124700
98735
109830
105124
102894
116307
106418
108794
96142
118434
123093
104161
112499
101609
110383
113223
117160
107050
116166
105566
134070
100136
98175
113233
97977
112132
106795
102044
102502
109550
125474
101059
96781
108716
104621
113854
108285
113458
108783
110697
131058
105169
101454
106582
106499
114753
116344
102434
106657
109796
120125
105054
107905
106774
114167
108986
103336
110395
108451
119410
120773
89722
106001
115339
99674
112920
105934
109284
113131
111317
126638
101553
93655
103329
107571
125020
106430
148252
104497
102621
116539
91253
100607
102964
96129
106409
104753
121946
119961
102786
125392
101694
88737
92362
103980
104272
106902
114712
103868
106582
131871
90928
96068
111658
97589
97830
108928
108604
115296
117202
143126
872123
96781
90062
96674
107735
101344
96101
104123
119629
134383
104880
106493
97035
90183
98371
92817
104524
109945
104924
137114
113462
107025
105502
99573
91549
95542
119189
92108
111043
129195
102481
90688
94453
87964
91406
96512
110532
104004
100944
140560
114659
105346
95332
99047
100711
98468
97540
88362
99526
139175
112342
106890
106215
107983
107115
96189
93729
91988
90060
132852
113388
112190
110314
102610
104511
98145
106233
95971
98436
148475
113300
104974
111942
109123
108564
91057
109148
102820
90723
135941
116164
101447
106815
112153
106901
107620
129568
100816
88969
125901
123468
120633
113251
103130
108186
101206
101731
91553
101192
130964
113160
112636
103629
103872
104005
104649
110001
96984
104292
141572
111946
101043
115617
109261
103488
107631
106631
105152
95292
128742
113411
104502
109298
104257
110817
103721
103399
117702
103687
131141
119558
113874
115113
104569
106944
101972
113269
113587
102166
125649
106856
103057
120138
115890
113340
119375
124678
104500
97378
136520
115877
106517
104420
107316
112006
114269
120710
102481
96816
130633
108615
122623
112448
99574
104831
123546
118183
108416
101416
134257
106922
116165
110126
99052
114947
109593
105568
99990
108421
125732
100667
96608
102416
106857
112277
103358
106515
105342
120162
115358
108141
92297
111795
104932
113362
115095
118777
109589
108887
1585831
104480
101950
106994
106768
100278
112632
134866
104912
112321
116055
100682
96750
121000
110677
111236
121255
109172
107592
105611
912588
102707
96957
107866
106906
115608
106745
111829
114550
106282
118216
86353
95165
104023
100365
107303
115857
113165
107963
104412
115524
100387
98001
104169
107625
119022
109159
130731
108369
113005
122844
100922
106806
99211
99617
120221
108511
115927
116181
104152
129427
104002
91236
85230
90564
107912
105656
108829
108651
106602
133346
105577
102474
96400
98242
92154
97961
107486
117932
107843
125248
110175
106310
102229
96972
103856
95524
103250
106470
105672
132247
112561
108230
102032
104217
90271
96639
106612
114039
103331
129360
108784
104683
105317
89365
95208
102599
102824
106683
109993
140596
100341
105636
100941
91683
96107
90796
97630
93732
102447
134711
110009
110687
110791
88840
95799
85018
147816
103814
103417
132932
98475
106280
116657
107143
96926
87275
93805
93444
101282
149794
108327
102395
115700
100478
116484
98521
94980
88021
96183
130401
109397
107919
113544
105476
109367
107835
103307
108302
87824
141137
106070
105076
107878
104413
107210
107977
105106
95790
97342
140395
113093
106873
117478
97453
110220
112348
