1161618
97256
95269
86406
94533
93078
103009
104049
129676
101499
105774
97252
99616
97786
103977
99697
84425
104911
134800
102703
107996
102463
104130
106562
103284
93729
90945
91407
131287
110005
109423
109273
883427
97946
102770
105084
96695
88971
117334
106399
103272
102558
102369
98730
105562
95199
124959
96573
121483
101940
892573
111826
102656
106184
97569
142813
100674
102936
122326
106212
122377
104902
103322
103600
96596
102120
106125
103780
130028
102098
104279
99475
97616
100091
98548
110541
98295
93467
125249
99325
107158
105831
103158
108370
104477
104390
101712
97831
130008
116428
104231
108721
101893
99495
102664
105373
97305
101115
119162
103858
107377
105890
107480
105539
104802
99207
123308
105045
135627
99123
102729
98413
98161
100908
101022
106426
104084
104269
126325
115529
98410
105157
108696
106960
94512
112930
108325
110645
123060
109470
101334
107012
102383
104136
102854
109958
105567
110244
130654
100163
96380
101782
102633
113739
104824
106081
105935
107618
136972
98474
94430
101720
101877
99470
101991
101613
101653
110890
125140
90082
100182
98803
99813
108149
101326
106041
150932
113382
124663
88940
96617
102715
99832
104997
108482
101558
109212
101996
133136
89269
93478
89778
92292
98039
106192
103035
93998
98285
127253
84342
84748
94309
102598
94874
95745
109448
104922
103439
118933
92649
82453
105354
90210
105515
98731
105067
104558
114986
119252
88056
91419
92633
97854
96795
97074
114786
107530
106155
118558
94785
102001
88348
96434
90513
106726
100434
143092
103743
129969
95347
101802
96501
85569
94755
98998
92747
98376
100660
135609
100245
100702
91466
83708
87445
94293
97626
101444
96888
120904
107558
104967
104782
95803
83510
93155
93969
103530
107306
130709
104885
101384
93611
96464
96563
92442
96892
98842
106773
126549
104721
108153
97877
93312
877178
92010
94855
93322
102623
124072
106624
100188
99557
104505
102836
94544
86329
108305
99601
142779
114203
105726
103606
104370
101205
100879
91908
87713
87464
116743
104533
114930
107013
100839
98091
110800
98526
93929
100078
114894
106786
109154
99647
98323
91499
101907
98933
108295
89061
104533
102030
111689
103346
99129
102995
102438
98295
97368
91780
110013
110274
114300
105275
104586
100733
99057
104877
98645
100411
127568
103706
100096
102247
98943
111662
107211
106828
126266
97948
121411
104460
117238
112610
109589
105311
94125
107429
104806
99284
128262
111851
105113
101688
103620
101913
114791
97917
91236
99311
132452
100668
107004
102414
103919
102327
101476
111431
112016
111827
134230
110378
109394
109537
110067
110335
107132
106823
108901
105391
137783
92716
96547
107274
104546
105529
110392
107472
97128
103657
138835
103142
100870
105889
97502
103338
94194
100236
140048
117863
127920
99044
99548
103324
98622
102647
112955
99762
105779
103461
120697
100328
100047
105034
103477
101182
105212
97553
116599
110858
138540
98787
103720
103914
102949
98854
107628
111741
101656
104416
131293
95110
93139
101207
104281
97329
107534
106237
95025
108047
125539
90599
91142
83454
104896
111758
103972
101248
96660
96088
125362
85891
91323
89341
100737
100926
96673
92586
127671
109464
133727
95759
83951
92999
91772
100868
99476
103978
98266
103860
125547
88814
93481
97998
89292
91358
103070
107231
100535
96246
114115
106713
84937
90723
90405
84563
103491
105648
103710
96707
125965
97668
87881
