1161018
90460
87280
89991
109306
67511
85660
80924
87524
85025
88073
95347
91595
89418
114292
89287
91179
91565
93608
86996
81908
83538
110550
93891
119287
88575
78007
88321
89822
101550
82280
91489
96616
89735
110960
91339
90862
86577
76077
85467
88046
87445
92998
89555
110439
93880
92272
93831
78523
67637
80856
88714
86398
86159
112965
92757
88085
95705
94164
87877
76436
81078
85030
90991
115138
90480
85395
93798
90341
85783
69322
82042
74851
88694
116893
90607
84441
93297
86161
88257
78829
66283
102223
86263
112875
91401
87373
94439
90132
87291
98343
81163
84700
71126
98929
91201
94621
93467
91430
81478
88970
92722
79571
77576
105803
94528
89011
91161
87011
93116
91977
88694
107765
82008
97496
96680
91477
87222
91132
97513
92986
82984
80668
79020
101217
88880
91052
80189
88104
86729
87278
90632
110427
89632
103428
104893
87006
83986
88541
85224
98968
83357
93063
81389
115825
86550
89687
84625
85284
88769
92538
91624
93564
84456
107058
84396
86229
94698
89210
90225
89831
93827
87094
99429
113252
87850
88900
90428
92190
92455
87513
92513
93828
82399
107712
88408
86777
91096
87412
95428
93100
89792
91523
92402
110845
91091
93238
89573
83435
90777
88065
90851
88705
96313
116832
88649
87110
95469
87481
86727
87643
88711
115980
91143
114870
87454
91206
93209
81913
92018
91463
89763
82570
91308
108233
85896
81459
92168
90331
87959
88963
83537
87602
94357
115692
88640
89875
87164
88500
87063
95083
94860
83641
90645
115567
86135
93860
87150
88058
94570
86542
89329
93062
83195
111525
89752
96594
93241
85728
95616
93917
87989
95537
93214
113171
89174
87878
93797
90134
89604
85820
93998
101369
87052
110646
79781
84949
88975
90123
83982
82055
97145
85316
95261
111743
858336
88706
86670
89531
90005
94953
81271
93643
87105
111708
75091
78591
92387
87727
81982
91008
93826
82784
90308
123806
69862
71403
86153
85811
91902
88161
89399
95382
93473
112479
76394
76590
71374
87029
83470
86554
84791
93831
92757
120927
86113
73808
76793
83134
92913
91971
93773
122513
95640
108846
83646
80135
70700
72186
87671
82348
83025
90325
91761
114157
99981
80215
79036
70677
92068
84086
87318
84164
95757
121738
86998
89742
82032
80518
77571
87989
90057
88014
85280
117354
95123
89136
92500
80222
69804
89732
85295
92599
103027
110236
87898
93821
85903
79049
74036
86072
83902
101219
90500
116172
88205
84958
94998
85697
88769
73792
80619
106126
85702
113128
89415
92062
93928
82658
90215
82138
70465
84388
85549
117028
85999
85022
86920
89519
94168
84083
72543
75266
81778
111978
85517
91121
85343
92463
88245
89081
89952
69886
86957
117347
87402
91242
90324
89206
84696
88765
85009
76840
92104
107756
91873
89018
88637
86240
91857
85177
92213
90435
73483
100673
79510
89038
81706
93267
93467
77373
72103
94222
86019
111274
87167
91157
89515
88167
83004
83275
88707
85003
75365
117299
93324
82262
89634
88540
84821
87253
86908
76587
86439
112907
86209
87017
93026
96509
84615
86479
88932
81300
71998
111957
94214
85426
89556
93191
93274
87646
89671
86692
99496
110897
81094
86254
90525
85240
91079
89874
94161
96508
95156
109496
84200
84744
91541
88575
84946
90310
