1166990
109220
109334
131134
119223
108338
103116
112317
113974
104133
117544
102945
98385
136863
105479
115071
118263
109889
107937
117972
111990
114433
110182
140849
111292
120145
121141
117408
122457
122460
110661
108272
113195
143209
119189
119446
118483
108004
116089
122679
119385
115728
115783
131496
116784
108478
110454
116756
122940
119359
120387
134105
120252
133625
126665
109750
112033
118077
111249
122265
120613
114200
117442
139367
110293
118481
112345
107584
118544
120211
117336
110626
116336
139899
115566
125597
121333
118795
111597
121900
124773
115403
120495
149324
110090
113610
113121
115042
117434
134448
119969
111539
110483
137898
106108
112992
112076
120444
128500
111543
120832
115155
114491
141511
115817
92361
105695
107548
124922
119065
118103
151923
116753
147150
108178
106041
104647
114099
113714
109749
118236
121734
112233
141531
102685
104127
114645
107948
114998
120674
113948
117043
126021
138967
95328
100959
109196
115416
109327
117841
114956
123396
123534
130914
102861
91338
103572
101756
110317
113045
116049
120258
118462
140713
106544
96855
85745
96583
107632
127142
111851
117980
126814
130412
103730
103218
106289
93833
113426
103603
114290
155020
117620
136347
108233
103670
96358
92449
99285
107494
103072
102165
112668
136209
94934
97815
98439
106690
103230
105353
117385
120816
121740
145300
127308
107691
102897
91520
94268
96582
114544
109198
114464
126268
114271
111732
108541
111072
96751
102099
95488
104396
115181
139876
112559
111768
109062
107739
96264
106441
93200
105023
103499
141472
120979
107712
110565
102913
95430
94866
97841
114387
116326
141118
116365
112040
111654
108894
111526
100068
96869
95627
97825
143131
114533
118056
120516
111471
107698
106777
88624
90813
105169
130808
116521
109509
116965
111682
110778
105211
96868
91893
97526
134519
118547
129303
111433
118373
129257
110297
103650
106307
107490
134833
109703
109309
112268
120776
133167
106383
101898
95875
95692
130265
116469
121767
119937
126423
116694
126069
109019
143427
103774
131711
116850
116801
108978
119734
114856
126124
120252
119676
102897
135873
116938
113786
116901
129106
114911
119341
109608
112876
95721
134517
115836
117967
116758
120563
119298
120434
123056
114011
112881
139905
123356
116296
119054
124411
116520
112046
117390
121654
123369
146956
106960
124078
114453
119494
115975
120436
114795
112091
111472
138390
109702
112031
118644
108734
123400
126996
111505
147873
113586
143822
122955
107365
119325
102309
109913
117434
123947
114161
929221
133957
112132
107731
109510
113946
121949
112961
122695
111370
110276
146713
103675
108393
109661
114188
121041
118616
114525
113939
117914
140014
101521
101453
108059
113176
123320
112358
118597
107236
120688
144098
92448
105211
118605
109446
117867
118466
108588
113407
112108
127784
86437
95184
97160
106254
111406
112606
108754
134780
128420
139163
106067
105727
98686
101021
92582
103202
114999
107929
109449
142366
107954
100474
100125
96220
90156
106646
98894
118867
111634
147679
109419
116856
112408
100459
98445
96672
106197
97584
104959
144924
107166
110629
102797
102562
99338
80603
90965
103508
110674
138603
107193
113669
108329
99605
96896
86558
96923
103631
105277
139338
109527
111827
113152
97662
103152
92310
99973
123692
100830
139595
116183
115641
124558
104410
107978
107918
98586
91685
101437
131244
123858
116569
116869
109372
111886
102912
111286
99508
100946
135460
119751
124307
118110
109363
117292
112757
111110
