1174520
125138
128536
135126
135233
152567
115503
118315
98435
118730
131772
122518
123194
129533
125158
149613
116340
119895
117536
100403
109743
126779
133206
125969
124975
165112
130946
127761
123878
108125
101643
115757
120718
121271
125830
149968
123314
126289
99751
97249
115921
105892
118007
128384
132947
155774
136244
139753
123627
116059
114629
122932
129211
121649
128226
158530
136489
134129
120223
125563
116922
105047
115294
117607
127115
160834
129982
128963
129505
133237
120492
101748
112803
122115
138543
160146
918501
125601
130219
131695
123738
111614
109526
105792
107749
152736
131927
141857
130367
133908
121882
106390
97525
104759
137296
154622
126012
125547
131937
135460
132612
126124
122310
100750
126676
158801
124080
127178
125908
128854
138765
124538
131494
149203
116208
151912
136127
128575
129474
120564
118044
124115
112872
101972
110933
150862
131579
125424
125004
125464
130180
125062
121516
117212
106036
139172
124253
116032
132243
133620
128473
131509
134852
127411
124636
144717
133566
127848
129473
123981
127382
124359
129092
127766
99202
130926
130302
126955
133912
119739
126525
120612
131893
132013
127368
151678
130424
130791
132860
130749
125707
131888
131969
148503
120507
141306
126288
123983
132236
125591
128184
130810
123263
127990
126036
140811
129532
124950
126263
124570
133325
128871
129940
134628
129774
158498
124069
124863
134693
125870
129227
117428
132629
133350
117361
151095
134842
115792
122650
143977
133258
129819
130447
123934
123535
148725
129965
128351
131025
124952
137628
128187
134359
135766
131673
158905
131081
137275
134224
133421
133783
120498
129501
155378
124647
163861
119411
130775
139092
136403
130057
134946
132937
130101
130069
140832
121843
132320
131894
137157
127388
129467
124461
140364
136419
152251
124169
121987
134536
126872
129614
129978
134102
130522
126799
148646
113552
135094
122417
127607
125107
127673
126625
127043
135577
148451
107540
127960
115695
130265
136873
129589
139075
126923
136322
161886
109148
118710
122653
125214
135077
133581
137542
154362
131834
159655
112767
102509
129393
129232
138857
130444
132401
135841
129290
168527
118093
100730
123490
132286
128611
131848
138868
135144
135582
160676
113423
106867
107480
117463
118771
122384
127466
120683
132248
153851
124676
110282
105649
103243
128593
126295
126637
133046
132765
156863
129009
118149
115905
126359
143758
125469
129525
123180
131497
167579
128002
120971
111001
109990
116367
127321
132833
162755
125473
157064
131090
121980
109488
107286
101474
120290
130992
123918
132842
157521
127570
122443
129318
103426
105857
107976
122348
127436
124376
151092
131730
132223
119842
103796
97896
119843
124509
119514
122561
160597
125363
126410
122079
900449
115635
96265
106196
119529
27363105
159064
130161
134024
127301
131172
135920
114762
107250
107438
118135
156365
130022
123272
134634
136179
124961
108645
94866
103682
122415
154021
127322
129231
126500
120849
123359
119507
98871
109025
122743
146276
123313
123526
116582
119585
128003
117700
125102
111973
105462
141646
136271
127038
134985
123708
124963
120956
123169
103703
100625
142363
133740
132279
134487
115409
130724
129182
123610
125182
126675
149972
133228
124418
129663
129070
117544
119502
104033
107629
109873
154855
126389
126588
123778
123249
122458
136825
128357
164664
115079
141683
125178
140580
134805
132236
127977
128900
136134
128282
123758
140501
128499
130529
127190
124443
126600
123498
123467
120409
119395
137717
129706
130641
134769
126141
125497
