1129936
86900
92853
93086
92801
98610
99021
95880
122713
93642
100450
100127
91543
89694
95826
96371
96300
98746
127469
88335
85443
83348
103119
99443
109365
99983
89863
102284
123388
109592
87754
86168
88328
91852
100405
102113
90968
98032
114071
103745
94709
84505
82699
92018
97147
83207
126753
96965
118870
96926
100035
92742
91371
89732
82197
88542
83539
91330
135966
97313
98214
88707
89647
79186
91548
82696
89161
95823
100752
88955
91135
101696
85272
92266
91005
86296
87657
84248
121739
106311
94318
101079
82991
92166
84877
90145
92094
94643
120556
108348
94177
104047
94370
95007
92021
98893
90563
93850
114529
94611
94644
98346
92812
90553
101207
84234
100101
81393
123551
94879
101413
91009
94791
98155
83148
95226
102057
92027
126802
101934
97224
92245
96491
88548
85680
87821
91755
94636
134237
100617
104352
99872
85379
100642
93016
99193
96785
94516
130662
113617
108156
103630
97801
107117
99505
104295
92989
101006
130217
105832
100212
96662
88677
102174
103004
90871
100759
95846
121320
103498
105490
101292
96538
108979
90172
100056
128472
101159
126296
95675
102864
100969
98542
103491
96178
92057
97603
96272
123071
103412
97701
83799
94176
94189
95872
102652
100922
102178
113819
90653
98972
100619
110023
101097
894968
97182
101041
114213
110089
100660
86414
88506
98227
109457
93533
97993
91382
108015
122693
94500
96762
94910
96922
98571
100816
105954
93743
95706
122595
99394
92651
97690
99621
94911
98141
98804
125776
93479
120704
90273
90944
98038
98185
103112
101331
104126
104845
88954
128979
91472
98601
100512
96967
107690
101563
99302
111021
106126
124324
90316
88658
89007
93076
91194
89540
91505
94193
103936
122709
91077
81685
87834
90859
96955
91984
96898
98231
97963
119264
85717
90373
73861
84658
97343
93355
99353
111002
98511
120840
92801
91312
87572
82669
93672
88918
96819
108557
95545
122583
100444
88454
91544
87435
89188
93695
99418
93618
92806
130730
90581
98762
90261
86988
89568
93527
95025
104483
103560
121315
90365
95836
97519
85888
89240
83469
102491
96654
88334
125234
98557
99520
82441
91265
85269
74478
90986
91042
96852
113733
90401
93728
85044
83153
84427
89064
95398
91798
91443
110284
102936
91584
98745
85295
95710
88962
81818
112785
90723
125091
87847
95839
86688
87460
97374
86006
83747
87390
86679
119971
105490
93938
101030
93633
95800
84303
98500
96171
93339
122072
95004
96844
95907
83844
105326
92667
97892
90170
97462
119553
96891
96213
95901
99716
96906
98138
93299
89302
87627
120565
96069
95168
103892
101522
95411
92219
98838
94776
93285
119372
102870
108363
102334
95604
90208
91169
106121
118587
89344
130050
97552
94855
96578
101088
103847
103884
99320
86435
86987
120057
91779
91522
99618
93638
101673
95122
92108
106440
91010
120497
99151
99153
101834
95722
99966
92688
96827
898270
104882
117648
98188
94865
94739
92898
104240
91811
102612
98238
27302641
122421
88456
101865
107434
97396
91015
97952
99921
102267
109491
125451
96361
92001
101597
89836
105064
95629
110191
116656
100699
115613
91895
89015
90756
97152
100202
94870
98810
100735
95056
123082
100218
91480
106617
92143
87115
96844
92041
100312
100827
111739
84406
93678
93611
91730
96166
92247
98466
96382
101964
120245
81785
90092
