1211248
128958
114295
118871
123342
132110
101512
108603
128610
130884
120639
125779
115097
129347
120168
137759
106345
107691
119604
118678
113645
118611
108084
123896
126165
146972
97179
98168
119864
136988
119706
120759
120469
117990
120151
146717
107560
104699
116826
123030
114648
114202
124865
122863
119416
141208
109985
97231
112892
121754
112511
128098
118995
131592
127615
150650
114159
103757
99149
132786
114992
117784
129745
133317
122003
137305
114629
108145
110835
115019
122196
126268
118789
118497
115316
148015
122897
116294
97565
106175
127300
126901
116725
123281
142989
127948
120552
116427
119079
114342
123570
125020
112179
117806
159244
115986
115763
113474
115726
103978
110082
118989
112539
122746
145960
124025
121909
115504
92435
101134
114480
120564
159761
121462
146543
122538
125757
128722
122614
115603
116428
97500
97898
115202
151344
124095
114501
119830
117004
120337
122823
108091
99678
110201
146719
123473
118859
119451
114355
118934
911290
119604
99083
100574
149063
114188
114880
113650
117690
117128
116879
120809
108993
96641
135282
121196
127749
125596
129924
113850
115880
111995
111026
111280
150857
121641
124045
122662
124874
118244
129065
129059
141057
114975
152255
117641
121777
118235
124534
121921
118049
129434
110166
95361
136598
115924
119582
125231
128461
127502
129961
124881
123997
120091
144877
128685
124500
116863
113814
117056
118605
116732
116699
119770
132659
129785
131955
110834
115783
124665
123581
124166
122450
114992
146722
121172
111098
120959
126494
116362
125113
131251
120272
120950
134740
119196
116905
116527
125206
126475
116207
118829
152698
126558
141838
120685
121737
125195
118428
113750
125875
125011
128127
122611
149835
129157
119350
135489
122495
119440
123992
124956
111986
125618
145828
133035
126882
116367
114465
120592
121426
122824
122572
113585
147525
117924
122856
114622
110937
120029
120146
116093
122332
121606
149627
118079
119012
122022
112963
114260
123404
123542
121845
114297
151949
104767
111967
122361
127552
121878
117552
115788
139703
129026
155804
100969
109332
110910
118655
111169
113920
120205
119003
116581
156439
108436
107998
111476
113629
125040
118017
121352
121115
122843
158437
120815
100688
106571
114130
120018
124913
126141
119873
128281
152907
123552
117233
96539
115388
122307
128525
120966
117676
117173
161567
125330
117510
108553
112223
107904
120179
117667
114318
131300
155815
122386
115808
119402
89924
105415
121953
111311
162452
125415
160917
126934
119013
114414
102226
108013
111327
120473
119216
120969
154672
125269
132441
115645
113490
104586
100617
113596
111103
112503
161422
123346
112754
118693
116253
112475
102197
104991
116008
114433
146093
126953
128242
122287
117572
120441
99919
98744
109213
126823
147373
122039
111575
117244
116546
115189
104398
101265
108232
119173
143773
118800
113688
118914
128787
126147
97372
102501
109410
123285
163718
125215
122221
119098
121053
117981
108559
107027
109728
121771
147286
119039
132904
128812
127582
123786
120806
117638
110428
109853
146557
122199
128618
114962
115205
117229
119865
122250
112635
107154
145596
124226
121202
127079
121081
119734
121249
120147
122171
123062
135766
126981
120949
122107
121364
129701
120609
115332
109581
103464
139478
122064
121743
122003
120619
118736
125245
122722
158455
114712
141754
118622
121393
126141
118348
126672
115002
127761
117344
112836
154048
122138
123318
112373
122005
122317
117980
125741
120041
115018
154953
109716
121010
123056
119760
108571
116536
