1141198
59381
55963
58445
69075
66032
66876
90849
58759
65829
108386
68217
60254
58098
61553
62884
61656
105910
86656
89187
86597
81478
89203
83839
83353
114693
80982
102524
76436
88353
83671
881132
85526
86018
89385
88994
94131
112365
86699
85246
86597
97048
90472
86338
87105
85086
101794
99483
76741
82814
85645
81989
86523
87687
92431
86617
86359
106614
72254
93533
89611
87478
89521
88368
91569
89907
95564
108151
66997
81636
93458
96517
89933
96157
93163
87468
91513
109955
86499
77487
89883
93931
90312
77349
105475
85589
95417
105989
71428
90575
90702
83598
92574
87742
90452
90680
85177
123921
86134
74606
86907
94216
92291
89143
86412
90985
101438
108509
85534
72856
81495
77425
82775
87149
85685
92931
94166
113111
76019
83477
71339
80761
83575
87717
115064
93002
89617
124141
88777
89103
80091
75151
76742
89377
84251
89754
87092
119201
86379
82102
82161
68663
82677
89270
122110
87115
88266
115659
87615
87818
92305
73466
79778
84015
92483
88070
91945
116972
92514
91511
84569
75855
82249
76738
80814
86114
94620
115571
88535
88986
85328
78007
78348
80283
82987
93101
98275
120206
87349
85079
89528
82231
80132
80315
70520
85822
82792
112822
88350
90146
91462
89481
84067
82547
78469
86480
88006
114934
86342
93790
85623
91396
83792
88550
78184
70735
76344
112210
89382
86260
81931
90467
85138
87512
80876
79922
72162
113190
93472
92455
80583
93091
98653
86677
80961
78975
86193
121647
88294
94864
86246
83283
91556
86474
857240
83070
80464
106185
83460
99906
84904
90487
88261
87615
83846
86863
79528
106919
85888
93070
88506
95567
90108
85943
104225
77710
68452
109984
94181
88001
92900
95753
89275
87191
117247
93772
88581
111452
94494
91789
91007
90029
86202
92405
85364
87756
85589
114354
88082
93983
89286
86103
95780
87621
92332
88756
89120
119049
93778
87251
93030
87006
89553
93453
82757
89026
85151
105562
91697
92623
92473
84979
85749
79365
95070
86336
82009
108969
86972
83132
93959
87820
84063
79718
92194
89453
88280
113542
86518
82588
87838
88665
91606
90877
106374
81747
86131
103511
88461
94653
88102
89497
86161
88572
90567
90394
96026
110517
91414
90008
84513
90702
85098
90320
79694
88287
87488
104597
85894
90322
88612
89399
87318
92525
95931
91884
97090
116670
85732
85510
85351
94816
94409
95125
84512
84709
81947
108431
83814
87564
85992
84777
85231
91518
94741
91483
93534
107021
84809
89161
93592
84691
92781
93213
115347
90406
88536
100820
85377
92822
85678
90029
87050
87189
89408
85423
83485
103061
81702
88837
83793
92433
96106
84455
90733
91872
94588
101001
73348
83653
92344
87270
81951
87568
91133
83237
84123
104257
80482
87921
90521
94751
88937
89219
88783
82113
89689
115043
78760
68817
95504
88458
91910
87726
92635
82403
84231
111119
82038
64287
90387
88434
83132
94880
100736
92463
83407
113896
87917
75576
79038
85822
85839
88405
89421
85131
88287
111235
87145
73885
74657
84122
91541
88254
90839
84257
91419
106676
85459
82213
74107
74459
77769
92634
88940
89831
86699
115888
87471
85729
75016
76967
92575
87157
86626
93355
94424
105761
90840
85854
80505
77302
75922
86354
87444
85080
83463
120290
88734
86887
91617
