1155277
78891
73929
80246
75540
80974
99718
76519
82381
78450
68880
75502
79890
71796
74463
71301
99460
79491
77346
78703
69913
86239
71440
79655
81768
80133
101929
72964
65234
76118
81356
78520
80054
77970
81701
69540
101426
83508
75924
75007
77969
96709
75474
76103
78438
80962
97531
72250
76855
68763
75808
72861
83046
81564
66467
71930
93549
88627
74022
78664
72565
73219
81176
81178
77247
84813
91904
70893
74387
75087
76490
79689
75089
67844
73854
79141
103603
78498
73003
80985
74990
79720
87627
124086
74879
75699
107478
68647
79408
87683
71665
74166
68539
80877
72637
80677
107900
71058
77374
73754
75952
84172
84433
74744
76450
77865
113339
73833
81653
79272
72006
76198
72942
79397
83051
67961
107738
75443
74007
85558
78958
77099
75890
67790
81150
82318
106375
78629
75583
77074
69524
72896
67822
85426
66214
83292
98934
83920
73316
69028
75445
70107
81626
95918
75654
72379
100687
70845
74569
65752
78329
77319
72867
68545
74660
67993
100479
87164
72309
92795
73805
84314
75746
82652
93082
78835
99380
79175
77800
76374
67701
83179
74678
71021
72048
72713
112708
78364
66394
78973
72806
84381
75277
75554
72345
73979
102547
71458
84861
72838
74780
77573
77481
74546
69008
71820
101164
81122
76303
76629
78850
78797
73589
108034
76114
77215
102501
74700
72447
77291
75150
76941
71791
80477
70628
76535
103008
71493
81134
62704
71866
87021
76081
75057
75432
84525
102460
81707
78802
68410
72939
71587
71759
76118
75483
76793
100361
82524
79349
73094
82102
80488
71460
75046
82193
80831
102688
77260
72086
69299
79536
68138
80823
76506
77136
69979
107023
83345
78330
76770
74224
77662
70463
100744
75300
80455
107988
76950
70792
85097
75744
75448
73981
79023
74417
71982
105356
80495
78839
85264
77596
86101
81420
69256
72919
70068
94625
83587
67476
81658
70994
72325
73169
85325
76628
78052
101189
84573
80796
78484
81348
74505
76918
76789
71615
79467
101333
81200
69318
75976
82058
84024
75921
74527
71447
81293
96378
78349
80954
72950
77626
76097
80788
120703
77849
85107
94105
66021
66903
76113
64927
70280
64571
76297
76710
76734
104138
66921
74382
82184
79086
80326
75394
70752
73017
76195
99325
79115
80030
71777
72269
93851
67816
83487
73871
74211
96906
70548
77180
80396
78249
70893
77321
91757
75232
83721
84719
74758
67156
70810
68892
76105
73189
75669
74685
80393
96607
81194
79570
879559
72662
76337
73109
72420
75443
70328
101920
78121
83961
79839
73698
68323
73593
78398
76457
81272
92654
82150
72253
68944
67418
70630
65724
78525
69883
75921
95379
70691
72443
77745
73897
79200
65421
70630
69485
77954
92145
79831
67054
83472
88459
80083
70559
74287
63098
91779
101049
75427
81747
84247
71577
87939
73720
72581
72911
73352
100871
76167
75015
71053
75141
72683
82212
111884
64566
71612
100734
78741
76208
82621
78652
75502
74122
75663
77920
71421
102151
87581
80782
67527
71762
81019
79115
70978
78834
88663
101067
79751
75281
75894
81149
78958
80409
74284
72544
83495
103446
83219
79697
80724
70943
79039
79414
64136
79802
98388
96966
70204
86867
86876
69686
81340
71461
81564
72428
82381
101813
76804
76670
70512
68880
