cpu_clk_unhalted.thread_p
1435293
1389386
1389910
1443360
1418526
1440711
1419492
1425798
1510375
1418059
1419385
1387449
1503221
1428763
1382298
1506115
1387943
1388752
1391545
1393216
1389098
1419262
1389129
1382916
1381560
1449364
1516377
1498946
1518352
1379542
1495596
1452527
1460739
1484484
1500032
1443480
1448078
1517063
1435109
1491230
1451667
1485054
1439160
1491220
1517730
1509392
1479194
1504393
1492447
1387338
1486081
1499351
1480144
1502757
1445357
1478084
1513524
1492817
1495337
1484919
1413103
1376726
1463645
1490652
1470615
1483282
1505233
1396092
1389260
1426962
1404170
1408480
1384320
1405915
1439820
1405537
1377307
1379718
1484707
1411886
1446949
1461867
1453637
1444650
1431781
1504007
1432070
1485238
1485403
1517937
1479438
1414292
1476243
1430947
1451601
1408750
1445784
1463399
1465745
1429854
1414926
1398746
1378507
1388297
1419607
1388640
1435408
1402306
1412257
1399399
1401352
1417223
1495432
1427712
1379233
1406732
1393225
1390108
1477162
1475080
1410236
1433784
1464036
1495033
1506604
1474413
1400127
1407028
1508116
1482697
1489388
1460354
1508930
1463952
1386101
1485407
1498081
1447077
1470005
1407330
1384838
1495365
1462814
1478382
1441376
1410453
1378579
1386504
1384040
1454468
1390810
1401162
1431484
1410212
1443907
1382053
1388575
1439033
1442224
1415816
1406798
1412109
1406710
1416908
1424091
1473266
1451089
1481284
1407983
1427008
1448463
1460441
1431663
1482726
1471971
1482597
1438361
1388383
1392776
1454086
1497509
1409895
1491927
1449924
1483235
1495607
1412579
1477669
1381362
1463536
1464145
1461233
1423065
1399970
1395222
1438883
1427921
1385461
1415891
1402776
1395296
1387060
1380814
1392660
1409006
1443015
1434353
1492888
1388615
1423638
1494856
1431616
1489139
1448109
1387168
1446951
1438477
1460232
1494419
1478694
1446634
1493875
1484076
1518751
1520142
1483137
1424404
1441975
1505269
1454051
1386277
1406972
1403078
1456076
1377935
1401128
1428599
1439515
1407993
1418859
1414721
1419341
1454036
1435801
1387504
1386655
1417861
1483255
1511000
1479883
1420483
1380758
1420027
1428789
1409333
1392123
1451523
1453569
1458114
1481158
1422523
1376995
1419201
1486283
1476136
1471513
1460052
1440808
1396991
1470515
1422412
1385161
1393481
1407822
1399044
1399086
1388960
1410390
1424913
1422542
1384872
1395902
1421254
1406134
1461276
1385907
1404190
1506317
1377718
1420608
1394174
1395566
1446334
1393301
1422956
1413944
1518126
1431289
1511247
1520225
1417572
1465709
1467775
1460118
1477981
1470624
1466992
1376335
1395561
1434659
1402374
1422181
1425643
1391766
1436529
1417356
1398146
1404024
1406523
1407715
1377387
1396660
1410417
1438221
1405392
1395112
1437786
1461324
1412058
1435069
1376607
1433274
1442467
1475336
1468015
1402155
1494305
1488775
1504709
1495025
1426670
1470972
1494777
1496555
1513821
1474210
1478110
1464763
1463759
1486951
1410633
1404221
1379493
1391749
1417870
1513874
1399960
1414083
1410129
1414392
1381610
1441965
1440609
1401231
1402326
1426554
1389781
1458481
1396705
1391787
1393116
1458435
1436603
1467508
1471263
1493082
1514856
1423843
1434925
1463957
1412348
1443842
1484623
1379650
1440189
1428707
1517098
1457106
1432899
1385727
1402325
1389471
1401859
1404212
1391456
1408975
1392225
1414787
1463354
1398564
1439899
1460015
1428029
1395468
1412215
1401609
1393834
1440922
1467039
1448750
1441412
1477827
1487558
1377568
1392878
1480162
1498299
1486618
1435500
1450710
1498967
1448600
1391539
1440091
1481808
1476195
1441890
1406295
1394160
1381238
1434224
1409436
1419846
1445608
1502826
1398713
1407350
1398469
1411277
1435405
1444371
1421041
1490452
1404346
1407767
1395532
1394912
1408034
1384632
1435304
1420034
1511629
1499219
1389849
1393515
1454238
1514445
1481774
1485853
1493533
1440852
1472308
1429279
1455874
1384139
1392423
1484539
1481550
1421107
1395687
1386547
1417900
1454381
1473099
1519606
1468020
1422866
1410155
1481158
1495214
1510658
1468806
1415408
1488060
1403837
1408982
1445497
1405260
1413401
1385561
1412813
1415529
1474562
1450399
1425409
1467927
1455000
1506807
1506813
1438982
1377077
1473753
1482611
1481272
1514753
1489133
1450549
1490335
1492393
1411861
1408641
1439146
1443468
1505167
1450230
1382783
1387629
1432785
1411235
1423067
1417085
1437629
1423269
1419321
1432810
1407514
1419433
1433729
1454620
1455487
1407683
1449403
1421706
1410871
1409875
1478179
1426048
1460838
1458296
1464187
1431348
1443969
1395601
1411042
1430555
1455522
1425277
1396738
1432569
1412129
1405048
1444270
1414155
1406260
1394733
1420959
1499197
1419654
1453998
1476655
1497323
1481172
1484279
1508004
1449890
1392579
1379146
1509502
1481149
1482111
1470091
1401422
1464709
1484481
1491781
1467735
1378180
1476108
1510983
1447424
1459484
1432691
1412570
1382076
1384302
1399079
1417811
1381716
1428981
1401915
1394681
1418043
1410866
1412633
1411369
1443512
1424729
1407305
1378863
1451453
1455103
1444378
1413534
1468566
1490707
1389075
1508918
1512708
1491928
1498985
1491380
1393950
1384596
1416243
1397261
1399056
1461169
1407528
1408324
1403251
1389764
1402135
1392757
1398802
1442516
1439486
1407855
1393303
1404105
1383339
1418617
1447526
1450658
1456571
1486673
1475510
1451750
1492742
1433422
1398523
1479483
1500027
1479071
1479821
1423356
1390881
1459330
1424143
1449052
1446080
1484259
1414288
1439946
1427644
1415826
1419363
1393510
1442921
1378458
1419355
1420151
1384143
1439671
1393183
1429471
1392305
1461220
1425112
1408852
1377091
1381335
1400917
1379949
1411060
1420179
1448152
1412578
1457354
1440868
1513148
1414851
1471997
1498671
1449755
1382334
1423888
1485501
1508756
1479623
1429121
1481476
1441411
1466440
1433446
1376263
1436648
1486958
1474397
1461218
1416492
1407052
1419274
1394675
1452012
1380650
1418295
1430850
1386269
1427886
1397375
1418711
1418348
1440723
1437179
1451172
1413436
1426025
1447063
1425458
1463944
1406455
1424627
1503694
1414879
1428257
1442095
1456591
1378632
1479750
1465817
1493162
1496544
1459592
1385298
1422464
1395945
1471485
1447532
1454981
1466612
1411831
1398853
1408734
1432269
1392721
1408326
1439332
1405954
1396433
1385446
1416588
1378199
1423240
1427152
1410397
1439441
1378118
1414731
1463349
1403193
1438331
1418101
1422502
1430557
1424450
1414406
1410904
1446630
1411925
1461789
1444731
1514421
1481723
1444682
1379662
1386359
1456162
1468952
1410312
1420110
1465887
1505710
1503292
1451219
1449563
1478766
1469155
1479480
1445680
1434758
1385001
1437551
1432554
1433720
1386061
1408688
1381772
1444443
1451788
1400911
1415179
1405074
1431090
1422760
1440350
1401421
1441684
1408286
1420289
1432136
1462795
1519607
1453205
1390786
1399548
1410768
1415568
1488917
1500764
1391514
1485887
1383564
1452816
1408221
1377323
1389714
1430637
1454180
1475403
1433465
1421168
1474791
1407478
1446855
1462970
1418290
1399043
1390309
1392276
1410781
1431130
1428537
1451097
1402823
1430731
1478320
1425703
1379992
1377009
1388131
1378947
1385122
1411992
1415724
1463200
1456579
1439862
1382408
1395230
1389231
1469821
1430946
1441201
1467934
1400227
1386110
1384062
1410714
1391833
1388786
1416726
1393475
1434623
1440858
1420880
1383922
1407579
1415198
1446871
1513439
1398382
1422390
1487459
1423294
1474199
1438074
1463370
1478176
1483655
1410084
1408879
1452318
1469881
1483198
1426626
1452441
1432137
1399335
1422156
1380978
1390779
1419409
1421403
1411252
1401971
1421627
1453205
1376867
1426808
1396234
1467346
1450527
1414370
1449560
1470077
1401682
1512970
1471120
1478521
1440925
1415421
1470973
1410281
1409644
1442778
1375897
1392231
1382088
1412963
1407719
1391969
1408577
1394650
1409371
1393241
1431847
1432478
1390168
1429214
1463909
1409312
1406236
1505916
1473254
1486961
1484836
1479461
1480097
1466109
1469369
1401730
1450523
1436305
1411912
1393802
1411836
1408011
1487601
1432549
1447279
1386570
1384517
1424387
1386015
1397349
1419650
1409310
1382907
1376528
1399479
1443607
1391169
1428641
1382990
1431015
1504562
1416423
1465507
1500260
1437491
1465266
1414360
1400991
1457669
1452204
1381281
1496967
1451297
1425487
1436705
1419539
1394674
1439819
1393924
1426913
1402804
1399297
1437628
1396388
1396534
1396905
1408416
1402744
1423425
1402638
1424639
1401119
1377512
1378024
1402296
1410570
1389155
1462596
1500248
1430455
1488981
1383566
1380210
1485251
1485575
1487228
1435413
1455119
1474126
1443193
1452319
1439661
1376267
1438609
1379288
1395874
1413482
1389991
1378334
1451967
1424635
1411258
1406849
1429429
1434318
1396169
1451626
1391394
1396144
1378745
1388164
1401461
1388783
1443100
1461096
1489746
1458744
1389347
1465669
1445851
1441418
1446251
1402673
1377501
1427537
1448878
1381803
1396649
1398844
1417646
1390721
1419148
1411013
1437699
1398040
1384370
1378450
1390275
1410066
1390361
1507825
1392660
1479957
1485111
1482041
1437218
1480286
1482271
1377203
1484422
1457153
1501999
1415121
1411865
1440636
1384992
1460096
1463627
1428363
1467606
1418684
1381652
1404778
1394036
1383225
1379532
1406495
1380687
1425975
1392881
1397664
1401379
1433352
1389904
1379051
1430377
1479642
1408292
1451919
1453515
1482618
1465295
1455595
1497334
1483127
1387987
1447255
1488910
1497406
1465504
1474827
1387819
1501459
1410251
1467049
1433047
1387796
1409472
1377145
1408561
1398960
1455471
1394710
1394128
1423269
1423028
1450976
1394049
1408624
1396074
1441862
1469751
1482152
1478908
1437665
1465281
1485459
1440479
1398499
1447512
1409620
1459165
1405871
1464775
1450589
1405989
1385702
1382003
1387022
1428094
1383319
1381536
1393272
1385775
1389543
1389518
1437815
1446219
1405274
1410382
1409507
1385669
1382292
1382370
1410980
1383932
1386026
1378712
1413509
1383471
1388556
1476948
1396807
1414794
1384920
1507310
1447574
1422102
1451812
1388182
1402408
1443741
1455310
1436226
1453586
1443946
1428702
1478886
1509466
1460702
1471723
1514259
1438265
1455252
1467333
1460332
1452696
1491063
1453184
1498694
1422362
1470742
1463951
1517646
1479562
1520408
1473688
1491478
1516126
1477545
1462702
1474108
1477552
1461703
1439086
1476152
1468885
1491673
1378410
1451678
1464665
1519619
1473976
1493063
1509572
1480479
1509587
1487398
1444559
1428643
1437473
1454547
1407900
1412913
1382811
1411320
1378568
1402199
1406831
1406442
1431822
1429564
1427281
1418223
1479519
1379657
1422581
1406078
1478867
1398802
1439982
1433637
1413007
1404256
1402705
1396867
1379740
1394150
1392451
1405879
1393159
1447999
1453155
1489296
1457489
1449676
1413225
1438908
1460975
1480522
1474083
1456045
1507770
1488501
1468334
1479679
1506862
1485609
1509942
1473323
1504827
1510278
1475106
1487894
1508251
1491829
1481327
1473194
1491838
1478996
1471773
1486729
1467532
1453010
1430925
1500730
1453199
1476088
1482719
1488494
1479849
1478274
1496555
1445389
1461765
1484048
1447806
1387065
1401966
1385059
1392665
1464504
1444063
1454222
1426837
1482607
1518746
1461772
1503550
1445270
1516504
1484507
1484192
1492296
1449510
1509376
1471933
1488389
1435347
1471608
1499128
1515954
1504054
1514745
1517564
1383715
1490309
1487304
1492803
1511491
1489996
1483041
1488505
1502641
1515321
1460268
1479752
1501720
1501546
1499919
1512301
1519047
1492601
1477984
1510631
1446012
1505923
1467171
1431351
1469585
1516834
1462492
1414694
1437529
1445316
1462715
1418144
1456467
1491990
1429976
1436452
1429169
1445773
1460883
1428589
1467218
1441996
1466402
1455181
1454888
1479887
1461397
1419085
1452024
1447178
1482165
1449492
1482850
1502869
1483964
1480274
1461460
1506954
1471034
1477393
1520228
1468798
1476987
1421804
1470457
1464041
1467882
1476398
1467702
1494785
1443440
1471859
1487193
1461128
1428702
1494003
1515590
1513334
1486138
1450157
1500177
1438785
1479094
1406198
1423250
1394967
1381570
1446599
1379381
1386249
1380509
1427512
1404647
1439165
1427754
1417614
1419806
1410381
1450255
1393217
1391178
1459112
1441197
1409763
1409435
1466435
1467382
1466025
1482745
1479476
1453331
1497267
1482566
1491114
1457403
1492346
1507334
1515592
1466882
1501199
1499850
1508807
1515298
1517389
1512704
1518466
1516304
1460628
1508786
1412034
1415071
1426441
1403287
1449567
1433089
1418784
1395746
1385560
1436111
1466189
1473027
1494729
1459650
1459674
1504970
1496639
1520016
1430361
1482729
1518459
1513137
1516025
1519933
1506336
1517297
1512129
1506899
1491285
1438856
1471874
1513922
1452616
1500822
1484992
1503467
1459113
1491224
1508445
1481175
1476339
1508464
1493125
1486857
1483778
1433846
1421758
1426946
1493521
1475685
1457656
1501211
1491738
1441962
1402882
1394735
1422610
1473097
1502792
1446167
1446045
1452728
1454629
1450685
1414933
1445178
1474743
1458048
1457436
1444344
1465315
1442863
1462022
1443615
1470261
1453671
1429204
1477603
1489108
1471491
1447293
1454669
1477503
1493382
1500877
1487201
1474996
1461261
1457023
1482369
1489260
1474353
1456709
1480874
1448163
1506461
1477060
1417477
1482210
1485488
1453174
1474131
1488876
1498027
1468395
1431918
1426119
1402176
1438283
1376611
1406696
1393649
1462837
1496723
1464065
1467150
1443569
1420461
1486088
1410495
1419790
1440678
1398468
1386251
1425418
1394593
1434778
1448764
1425509
1448210
1414279
1433365
1398576
1486215
1484000
1487272
1476374
1515180
1482045
1468187
1480759
1492094
1501967
1478801
1461877
1483469
1500006
1499876
1479294
1507224
1513772
1477705
1490819
1515204
1506089
1485589
1504648
1481944
1466650
1463813
1514886
1497273
1512406
1485651
1457001
1498769
1493542
1520444
1494509
1508837
1441003
1424660
1417476
1387218
1442258
1433631
1435608
1401764
1418152
1431892
1425736
1512370
1495029
1490084
1487444
1494135
1460806
1502937
1474380
1496256
1500534
1483524
1466821
1464923
1513613
1519717
1514750
1496693
1516730
1506532
1504332
1519302
1513922
1480960
1483789
1479822
1475441
1510012
1494205
1482264
1507459
1508675
1520071
1492922
1511339
1435438
1508219
1501986
1507250
1469158
1484030
1406549
1394696
1400282
1484452
1495237
1501318
1384678
1447653
1490001
1489563
1472286
1488198
1440458
1440540
1456744
1466930
1454534
1448782
1451063
1428008
1498910
1476582
1485876
1480894
1469370
1463015
1464990
1486344
1487960
1496253
1473448
1499961
1483727
1485030
1507002
1478043
1483775
1485458
1484386
1430692
1495450
1446334
1408024
1466359
1493532
1503179
1493837
1485118
1448889
1415429
1402161
1392963
1402943
1461739
1389496
1390309
1434716
1406637
1385016
1426809
1396949
1432850
1411705
1414700
1409130
1382854
1383175
1441639
1436170
1471156
1379451
1400294
1390021
1392039
1388226
1401352
1386642
1388710
1477991
1427542
1410849
1425727
1416555
1443913
1487898
1443994
1416472
1474772
1456524
1502477
1469907
1465737
1490837
1468601
1459191
1499131
1502620
1485857
1478311
1458431
1497096
1479310
1469763
1503369
1466576
1498080
1503041
1454334
1501102
1479287
1468159
1469609
1495930
1481283
1505053
1466170
1492426
1456002
1512546
1468611
1500273
1421795
1417068
1412105
1379894
1403905
1415187
1434766
1441401
1397038
1431910
1452213
1376816
1404090
1378905
1517205
1470383
1480171
1473661
1462924
1511038
1513137
1474188
1499905
1436326
1456066
1480783
1477102
1495851
1518215
1514230
1512417
1487778
1517749
1467974
1488321
1511071
1476208
1493871
1486383
1498617
1491737
1491978
1511290
1517458
1506185
1511779
1520368
1506140
1473800
1458716
1444266
1513003
1438682
1447620
1511660
1470518
1381776
1388102
1402448
1488738
1487461
1502368
1467326
1456252
1423170
1430726
1461525
1438806
1441937
1450595
1469674
1452174
1450193
1457955
1498518
1426071
1457058
1437978
1469337
1441219
1513190
1478392
1455598
1455692
1454469
1444954
1466835
1447092
1477184
1460933
1502030
1484287
1492001
1470011
1474014
1454956
1499431
1480099
1494176
1483053
1491803
1489552
1484371
1497607
1482044
1416366
1517304
1491798
1454504
1413288
1476869
1507259
1499202
1501621
1489500
1457127
1442541
1391364
1424657
1413191
1461185
1388411
1383137
1388607
1383049
1410864
1390768
1426989
1397929
1421899
1390210
1428291
1433581
1419764
1476804
1424336
1437024
1453454
1416119
1387947
1406820
1391231
1389890
1411723
1385770
1454434
1404354
1474054
1412961
1435193
1482691
1487689
1471829
1508786
1486028
1516433
1490131
1496144
1495456
1505781
1459476
1510726
1489113
1509352
1519108
1480997
1485057
1476753
1513855
1471394
1484481
1493324
1492752
1515469
1501539
1491843
1476431
1507644
1503249
1456905
1517273
1496187
1476923
1414270
1401546
1402829
1423362
1422136
1437048
1500816
1425131
1424416
1398125
1428800
1452168
1437312
1517441
1449856
1489640
1492630
1490024
1479612
1479513
1468110
1472952
1449557
1515928
1481457
1499674
1509602
1489187
1448347
1407366
1386573
1381981
1398835
1385093
1391516
1388794
1402099
1398418
1398889
1390353
1380660
1378362
1390448
1386756
1472647
1392494
1474098
1496767
1382664
1382419
1399881
1376172
1387986
1418643
1419921
1463446
1423798
1440844
1463663
1409290
1425730
1378628
1392841
1420751
1379927
1404418
1384621
1460200
1403295
1397357
1378548
1381171
1402211
1438765
1417305
1410256
1450526
1457758
1491789
1462371
1503085
1507621
1513408
1476190
1482210
1479395
1429037
1465598
1452345
1426958
1459913
1472220
1465492
1478027
1467224
1467006
1484070
1486099
1510307
1514468
1499400
1465080
1493723
1451169
1447480
1512467
1515331
1401961
1463658
1512128
1394413
1490084
1407937
1420356
1401151
1468574
1471975
1480473
1443315
1519929
1411729
1487998
1504786
1378823
1403158
1385152
1478636
1410849
1424987
1450945
1439529
1420275
1435618
1383756
1448170
1436367
1485426
1468746
1453726
1469747
1458927
1448410
1428706
1401911
1415484
1513939
1442144
1437299
1424536
1406098
1385635
1376930
1402751
1398525
1406283
1413095
1428744
1470791
1435149
1470144
1464390
1458683
1490873
1445404
1400320
1447077
1461557
1408292
1426932
1484853
1428074
1493713
1416081
1396044
1385792
1403612
1400297
1377889
1403000
1403337
1406805
1400872
1474248
1425111
1439344
1383030
1416760
1473660
1398735
1381444
1513590
1425867
1377253
1454052
1394344
1446181
1451450
1478823
1460568
1382378
1420112
1444833
1452649
1473525
1440885
1490186
1477219
1459171
1453767
1379646
1406541
1471637
1460963
1459512
1439301
1405133
1428052
1461714
1426936
1436752
1395576
1400886
1421009
1391243
1450062
1440839
1421956
1432269
1431065
1475685
1399362
1397254
1472994
1480378
1497522
1425411
1454311
1444487
1443629
1455916
1468857
1466084
1418150
1476742
1431187
1502048
1378838
1479203
1415686
1435415
1403807
1402792
1387917
1401634
1376651
1389276
1393928
1414690
1397790
1383664
1404967
1396695
1414192
1424752
1414298
1410737
1386034
1378010
1412742
1391568
1444739
1417556
1462921
1453513
1477632
1442352
1466216
1451231
1486873
1472057
1486119
1434639
1420935
1447040
1441748
1400822
1423985
1391603
1377965
1384582
1391705
1378910
1389313
1388406
1377275
1430903
1416035
1398164
1384243
1394100
1391096
1416242
1380246
1389741
1419772
1392970
1386533
1449764
1495299
1496646
1494506
1455261
1423467
1467617
1476089
1442437
1376181
1475456
1438992
1485544
1472962
1430228
1442917
1472743
1467120
1439811
1399231
1411006
1402571
1394748
1396405
1377652
1406724
1474828
1418216
1435551
1449520
1437555
1408619
1460203
1457519
1461100
1458886
1443713
1440365
1422511
1440280
1378130
1432618
1514025
1449765
1395644
1395193
1390420
1405195
1410718
1404452
1397836
1451688
1472165
1395518
1412642
1462608
1388385
1404104
1413141
1473127
1417080
1443459
1397303
1460495
1479112
1467629
1443731
1395601
1377108
1426401
1482150
1480117
1461032
1505454
1411621
1454868
1386876
1455443
1473754
1422962
1384626
1376156
1392312
1471435
1396983
1399764
1398242
1376012
1402924
1442125
1385751
1426323
1381813
1403217
1404546
1404458
1435132
1390553
1396260
1465100
1450684
1398149
1464323
1440582
1472794
1491695
1439373
1440571
1471606
1462101
1491069
1470969
1402160
1467579
1461415
1440220
1395444
1386159
1387615
1430641
1438843
1495350
1411668
1394536
1387923
1416135
1413950
1434880
1464701
1470920
1383867
1406575
1401837
1415203
1444087
1411999
1392458
1422189
1388754
1406963
1422894
1407258
1417138
1468089
1471043
1515084
1387376
1516751
1495604
1468180
1460394
1493091
1463552
1483590
1484195
1454668
1388520
1401418
1390389
1421466
1382470
1393117
1435301
1378653
1414598
1398421
1424655
1419003
1514916
1387757
1423417
1407172
1398877
1384802
1405781
1408878
1394326
1414093
1450870
1480069
1498373
1458330
1469264
1377749
1475345
1470939
1465104
1469753
1485644
1424027
1385098
1401313
1442320
1454808
1442127
1459917
1433019
1410943
1385273
1411608
1388398
1402087
1377480
1448279
1401097
1435055
1478145
1445552
1415413
1454225
1380375
1391834
1424623
1499619
1425834
1385585
1480733
1498826
1474785
1461719
1463908
1480380
1391293
1467646
1460188
1481263
1506644
1464687
1404442
1456369
1453125
1451087
1400837
1398184
1473113
1440631
1387871
1397352
1403212
1405294
1386574
1408593
1398917
1378922
1394058
1401413
1392718
1389581
1425372
1429079
1415876
1452118
1400586
1383067
1431940
1458727
1449569
1406270
1424079
1462987
1457098
1430722
1434693
1496937
1490486
1431280
1431342
1461408
1379514
1446377
1470494
1453253
1396829
1381439
1421750
1409448
1407243
1423960
1409064
1423782
1417601
1405795
1456331
1438447
1398714
1407779
1388382
1411756
1377695
1430055
1478742
1456059
1383518
1436142
1448759
1476639
1471432
1506718
1385434
1435992
1388053
1434077
1429798
1394458
1375689
1413299
1488769
1442483
1418428
1404136
1405028
1410377
1408029
1381582
1431698
1399722
1389477
1409298
1458931
1417759
1387387
1445268
1420409
1477583
1432718
1480745
1482836
1451853
1379654
1422112
1437487
1484791
1447173
1484310
1431802
1398613
1459764
1451285
1470186
1385554
1388158
1429238
1484929
1421741
1394019
1377948
1382625
1479653
1456581
1394406
1433289
1399031
1382153
1378764
1381272
1384414
1408097
1383299
1394430
1400535
1418730
1391932
1400952
1384875
1391273
1390945
1455668
1481425
1433776
1386066
1440570
1452444
1464966
1469098
1442959
1458661
1408617
1435327
1446091
1407133
1389117
1396009
1382661
1387971
1381294
1380370
1383009
1391159
1393956
1385437
1382866
1388260
1405950
1448456
1429816
1461227
1463180
1456102
1441789
1448372
1481202
1507713
1395326
1427619
1446559
1439099
1446012
1443761
1379369
1413550
1381181
1403142
1486743
1382955
1440379
1385875
1379120
1381459
1399650
1395770
1425713
1403987
1377481
1385117
1411752
1429719
1467670
1478286
1455098
1510390
1459635
1444434
1470746
1480702
1474959
1441976
1408259
1441568
1444301
1450420
1418616
1436286
1386527
1416849
1375872
1411565
1387744
1391053
1428705
1425372
1387675
1377108
1422431
1421057
1482797
1420760
1471641
1458684
1447828
1430185
1384526
1485710
1403770
1480889
1478982
1459296
1423405
1389534
1442744
1444984
1441288
1456761
1390947
1477976
1513021
1469985
1447380
1413616
1423051
1419190
1494283
1408153
1406573
1381652
1379553
1416903
1482254
1477669
1448760
1411608
1400302
1391744
1431364
1492897
1427470
1427297
1482612
1378715
1427484
1401256
1453789
1421696
1441030
1462819
1466586
1377863
1477673
1456142
1480246
1458479
1518346
1515017
1441881
1435354
1422230
1392009
1410602
1518671
1405482
1463310
1403437
1422036
1396042
1424293
1388633
1378044
1422114
1393970
1401435
1408270
1379595
1386363
1433861
1389525
1379662
1414330
1376672
1396061
1402842
1475582
1480680
1473790
1411045
1415779
1495211
1403696
1407736
1452813
1510152
1453687
1444948
1400199
1445426
1422178
1405434
1386878
1376380
1391318
1385595
1377850
1388226
1392558
1389662
1380486
1431223
1435288
1376297
1424489
1448647
1456297
1451261
1379420
1426855
1428874
1466805
1452149
1460954
1475766
1436667
1407427
1451613
1463698
1382735
1397681
1467629
1450108
1376418
1381864
1416071
1457257
1395698
1387675
1404428
1413669
1402135
1397865
1397403
1424417
1378942
1397733
1377588
1428106
1406660
1416432
1477914
1418079
1497112
1459357
1442863
1418480
1409960
1477051
1477533
1453641
1493337
1485809
1453460
1420529
1387145
1469412
1445736
1497263
1379967
1419910
1404092
1413501
1382447
1420484
1391093
1417739
1430866
1409260
1394302
1428514
1403294
1414704
1460864
1461427
1447096
1481182
1466774
1384745
1376012
1478123
1491852
1473618
1471478
1397571
1420043
1457532
1461949
1454008
1395443
1407364
1377561
1408704
1400597
1381621
1430538
1418111
1397588
1411915
1420418
1381256
1409660
1402986
1413691
1396229
1398632
1426775
1450122
1406934
1498982
1444926
1412376
1499437
1457998
1504223
1504897
1455825
1392161
1420006
1409314
1479077
1465689
1384482
1412497
1419901
1398939
1396391
1418718
1398129
1397761
1394506
1376083
1394228
1391756
1388250
1437090
1428649
1447149
1401126
1382806
1391221
1425231
1470131
1439212
1473540
1476204
1458327
1453020
1424052
1487922
1453472
1470303
1460393
1449088
1458755
1403823
1412788
1470157
1443790
1457131
1384925
1376426
1414412
1394805
1377539
1391831
1428315
1406706
1398838
1391277
1393695
1427717
1409290
1471809
1429603
1483826
1490564
1475050
1403821
1460146
1474031
1409789
1447609
1491476
1479409
1432832
1406299
1439643
1449636
1386722
1376498
1435184
1376285
1380348
1441577
1431147
1396398
1404892
1394442
1393284
1378112
1386837
1388955
1401437
1398178
1398471
1389657
1447042
1442797
1385793
1403215
1416475
1467186
1477700
1457901
1483548
1377368
1481794
1464994
1473036
1429047
1396460
1408894
1503002
1394333
1457680
1460551
1440301
1387874
1431319
1411113
1393687
1410861
1392243
1402227
1385262
1413125
1406548
1419767
1403283
1398323
1397776
1398584
1413706
1381064
1425866
1411526
1420330
1483370
1409580
1429053
1463288
1493955
1452853
1482037
1381440
1386430
1499591
1508984
1467271
1393080
1471994
1461027
1434203
1447641
1411915
1467860
1454609
1429008
1460565
1415619
1403203
1399787
1381135
1393114
1411565
1408072
1402240
1398969
1412234
1415599
1406478
1413728
1405219
1418329
1423513
1401276
1404816
1392735
1384557
1380098
1388837
1376110
1377782
1389836
1425848
1378513
1376015
1385347
1384576
1435180
1400465
1378129
1414431
1377218
1445152
1432894
1439609
1436076
1426239
1429280
1516374
1398189
1405926
1443193
1413645
1429142
1434110
1436067
1434948
1434534
1458031
1435484
1412165
1466741
1464333
1450945
1442578
1443451
1434191
1439733
1470167
1513228
1458762
1486689
1465917
1456207
1466135
1481547
1511515
1491178
1499296
1479358
1500882
1493552
1458146
1467121
1504882
1478213
1485011
1446497
1504032
1448869
1501969
1478173
1483940
1453582
1491150
1482332
1512153
1508334
1489549
1401189
1411204
1412847
1428610
1390309
1413959
1408678
1396457
1375960
1395418
1416586
1413110
1420956
1423671
1443867
1398195
1403204
1481542
1441901
1421435
1431018
1453526
1384455
1413418
1378595
1419619
1392638
1427912
1416770
1437622
1424511
1465596
1421443
1451846
1492054
1500783
1493695
1506589
1515063
1516380
1520270
1493708
1415343
1486324
1503070
1520093
1491797
1484251
1464640
1470076
1471759
1497889
1519786
1516096
1506945
1520036
1502867
1410366
1470090
1410147
1429997
1429648
1420824
1442747
1416094
1432653
1409873
1401296
1403448
1407657
1517152
1483895
1481009
1480067
1485970
1480973
1475436
1516628
1514372
1487522
1503982
1481487
1505581
1512769
1502005
1518131
1512776
1503342
1484582
1515973
1515488
1490956
1518186
1511175
1507669
1519993
1488659
1469049
1468446
1457432
1446714
1499373
1454729
1414132
1427720
1509860
1469542
1476894
1447651
1450083
1437101
1459559
1447626
1464247
1458355
1437449
1453086
1460081
1472833
1516851
1456888
1454301
1478776
1450293
1451185
1486721
1461056
1520216
1476118
1454656
1436985
1483437
1460809
1503940
1512001
1486961
1502731
1513053
1502729
1516416
1487181
1495003
1485530
1492415
1518326
1474343
1442469
1482263
1508449
1489766
1446764
1490478
1513804
1510442
1457648
1427492
1383461
1412951
1477119
1397015
1423775
1385122
1398160
1391025
1421974
1405030
1418605
1395095
1427456
1401297
1461756
1478869
1407429
1398760
1383170
1416379
1397501
1389963
1409723
1398660
1408040
1507139
1432238
1453094
1469956
1460351
1419653
1421127
1466680
1494755
1474104
1514791
1502998
1506266
1518295
1491112
1490255
1491693
1503737
1477457
1477141
1520083
1482031
1499119
1512113
1484885
1470902
1489241
1514657
1518927
1430149
1411789
1450962
1419666
1463838
1429148
1418691
1489408
1425752
1476491
1419861
1487602
1438886
1493278
1500804
1467687
1478493
1490134
1517766
1460541
1503090
1511397
1511452
1504615
1513604
1488581
1492500
1519376
1473974
1516104
1456644
1517883
1514677
1491096
1465817
1484921
1455968
1456543
1424278
1487460
1379444
1512383
1491978
1509331
1434270
1381539
1388317
1519663
1470579
1455850
1479170
1442158
1450626
1478785
1470258
1444144
1444558
1461698
1483309
1476060
1449025
1467256
1465899
1475383
1468582
1441150
1485425
1466523
1497166
1483834
1503067
1449902
1496111
1486853
1473890
1458704
1475481
1475135
1488726
1519710
1489472
1507420
1480152
1473894
1476512
1504010
1497896
1484053
1470666
1513381
1490312
1510490
1499090
1504916
1490181
1483248
1397162
1419169
1398377
1408652
1400331
1384486
1376061
1403971
1410200
1421942
1386200
1417889
1451762
1457902
1428188
1444807
1404702
1433755
1439334
1402499
1402695
1427350
1449477
1421548
1401610
1400554
1431067
1434615
1420831
1435671
1485539
1421138
1440947
1499805
1431820
1489605
1507528
1506863
1491144
1491409
1517653
1500524
1511999
1484435
1513219
1507997
1507478
1513876
1518692
1501327
1514483
1486789
1492093
1511481
1508120
1491840
1483134
1470691
1454268
1465108
1408636
1465127
1474457
1417400
1427919
1377740
1412934
1386393
1487925
1509591
1484093
1520331
1455454
1518447
1519034
1496645
1459842
1465509
1504516
1498221
1518711
1513292
1518342
1491961
1500126
1484306
1495860
1420471
1499229
1481190
1481765
1502918
1505117
1506048
1509905
1516600
1482558
1477622
1508004
1495040
1499656
1426932
1498029
1483194
1493186
1475306
1403493
1484653
1515217
1449415
1393802
1449332
1432400
1512439
1421308
1446875
1444834
1433582
1458512
1486127
1459937
1492384
1455202
1419429
1450496
1439849
1476891
1435703
1480092
1465909
1457837
1468948
1468940
1468137
1444488
1479556
1490024
1470721
1498378
1474814
1474667
1480053
1475972
1517350
1510198
1514727
1469802
1479302
1494675
1502965
1493325
1475491
1469037
1444582
1492422
1495752
1483668
1416137
1435640
1401543
1404949
1444297
1401733
1390001
1385485
1400812
1393684
1424297
1389943
1403706
1412742
1414598
1432121
1405295
1393652
1399462
1404865
1427595
1398717
1392047
1416194
1409841
1405508
1442447
1461760
1465296
1387520
1425909
1426690
1514424
1470630
1501191
1487153
1507135
1456630
1504115
1506784
1460078
1509474
1516771
1501231
1452310
1519464
1488905
1499569
1516832
1502696
1487649
1496662
1497195
1481976
1486273
1506569
1518752
1491238
1464187
1493583
1516812
1471642
1500776
1515731
1517239
1498339
1467934
1398739
1467375
1391904
1475926
1390606
1432842
1400459
1423513
1414767
1494034
1473069
1483007
1497144
1479944
1494137
1480459
1510143
1519960
1511829
1472577
1494838
1466680
1499954
1501546
1490704
1515907
1518090
1435206
1407649
1500385
1507031
1486710
1428588
1518250
1501511
1385225
1380427
1466556
1449024
1451334
1415563
1446441
1468382
1460198
1449750
1459993
1497651
1491630
1485409
1498267
1481814
1445850
1475977
1467735
1445573
1500423
1469134
1459222
1457424
1459459
1486948
1487813
1493765
1475446
1492510
1504204
1497107
1487975
1492018
1514293
1458753
1505887
1481568
1473314
1484400
1495983
1458093
1475417
1487002
1507601
1480805
1490136
1496858
1451650
1444884
1413648
1383177
1399669
1400207
1385396
1385108
1412270
1390504
1445115
1414629
1419338
1405105
1423068
1399387
1465556
1418366
1429532
1393078
1396175
1419743
1386669
1399403
1408131
1425181
1425867
1429910
1418952
1437284
1420145
1447974
1452941
1482769
1459006
1492216
1516925
1502708
1513301
1504980
1505500
1511899
1485531
1468371
1464463
1507741
1494844
1509078
1476795
1503567
1510750
1506099
1513861
1475998
1453683
1509409
1519191
1509472
1507342
1504153
1504823
1497398
1481885
1393946
1471297
1387595
1420145
1481077
1448212
1410870
1437675
1400588
1380761
1392096
1430031
1515181
1390636
1483387
1492411
1517042
1502124
1450708
1465647
1508577
1495675
1499815
1451388
1493410
1499674
1474590
1502104
1390953
1393934
1386554
1387644
1395435
1379174
1378259
1392982
1394068
1402024
1376899
1460626
1487784
1512099
1382964
1436726
1382584
1408346
1377395
1377819
1388969
1405203
1418005
1438260
1452449
1465969
1516142
1518680
1508526
1519000
1458177
1413641
1460738
1468224
1401051
1499551
1475028
1458238
1465661
1464697
1482324
1462066
1455104
1453573
1479071
1467482
1458474
1471161
1466805
1450943
1480255
1471037
1475820
1487816
1472066
1470816
1509940
1460303
1460715
1474876
1421908
1447723
1469718
1447637
1465218
1448164
1454903
1434265
1473411
1457366
1479710
1448396
1466414
1465162
1462196
1445951
1478644
1431248
1476569
1470489
1407864
1493388
1464060
1514497
1487167
1481306
1457544
1476423
1443167
1451611
1443316
1460042
1447371
1481446
1456737
1484088
1479381
1474287
1478979
1466421
1463542
1500446
1506105
1447834
1481918
1469654
1481732
1501607
1471152
1512868
1488669
1473558
1448168
1511201
1472698
1502300
1508141
1508774
1489723
1470107
1506001
1510596
1511061
1419781
1479160
1509477
1508953
1441822
1414501
1468582
1464543
1479219
1472106
1518403
1421439
1426154
1401147
1380989
1395678
1432746
1403101
1458363
1436176
1483580
1446667
1461417
1433079
1450873
1398832
1460371
1458892
1449180
1432479
1454101
1444887
1404341
1429065
1466941
1486020
1450565
1475499
1452041
1448334
1422957
1471992
1493698
1421672
1434593
1509750
1489106
1376789
1387477
1409713
1406233
1385975
1389591
1402628
1378618
1401016
1442759
1421112
1380019
1417123
1505268
1397881
1425861
1469174
1509693
1432053
1471658
1461492
1392010
1389436
1465341
1493738
1520321
1488377
1440685
1510012
1434387
1404660
1450721
1442710
1479085
1491690
1440220
1422151
1445785
1437502
1413843
1459408
1433720
1409030
1506021
1390790
1492325
1416966
1402500
1434657
1412778
1463552
1441600
1437258
1452828
1422916
1419595
1475145
1421788
1472738
1481780
1484005
1419932
1504417
1459507
1484372
1488768
1474112
1442407
1393416
1441873
1455931
1463873
1392335
1383788
1393875
1376438
1435730
1435188
1417709
1406068
1403834
1411687
1403229
1387418
1436359
1472491
1397486
1385409
1467197
1455216
1477918
1376782
1376003
1473974
1503205
1489916
1469582
1501508
1471712
1451613
1445255
1438594
1451038
1483491
1457486
1429459
1401717
1414334
1392540
1406072
1413642
1411401
1442775
1422874
1395153
1430206
1413975
1393198
1404983
1417544
1450352
1477955
1468110
1466698
1429863
1403276
1454860
1479730
1463215
1440533
1468542
1476501
1514443
1489215
1400140
1406882
1390141
1453173
1442112
1437695
1444647
1439363
1390711
1379181
1427484
1401516
1386549
1393672
1427403
1429736
1467067
1425174
1436637
1482425
1443412
1441626
1487656
1437279
1499372
1455539
1396156
1429487
1413991
1392487
1381158
1386915
1390567
1504045
1398212
1430546
1429152
1421991
1451749
1473401
1463662
1385333
1465201
1469521
1400334
1435895
1461958
1472639
1459229
1386504
1385074
1426338
1378604
1384885
1419607
1392035
1385420
1392314
1430856
1422628
1401834
1377747
1487710
1419441
1437231
1485368
1437899
1481683
1440075
1396763
1460171
1461381
1487657
1482331
1415153
1460041
1431293
1432559
1446976
1427088
1448960
1460889
1392387
1397600
1421591
1387528
1390755
1381965
1434709
1391170
1403499
1393522
1376842
1384597
1396216
1400885
1381737
1390525
1440507
1396158
1423597
1386106
1413062
1398902
1376764
1380487
1394445
1397831
1487201
1392685
1472712
1464284
1459082
1472286
1468470
1473764
1501620
1479884
1502972
1494031
1410353
1446576
1491057
1415085
1412938
1403747
1473246
1450282
1468856
1402851
1397321
1422620
1438968
1393712
1400974
1398276
1391271
1422549
1404571
1479400
1475187
1478624
1462357
1415450
1492208
1497553
1381520
1490026
1494447
1429748
1490673
1485169
1463808
1384296
1447043
1428078
1453550
1378652
1437199
1501658
1464030
1377806
1399820
1419381
1406428
1393142
1426248
1377554
1412907
1394897
1380956
1406953
1444271
1410537
1408782
1391019
1410809
1381467
1409712
1461901
1503181
1387827
1456762
1455302
1421302
1406450
1410388
1476945
1492474
1491345
1485977
1461314
1509219
1470649
1437291
1405410
1465372
1409224
1446980
1480534
1457434
1445536
1384729
1445213
1381092
1399748
1457257
1407523
1377900
1411224
1399908
1432989
1419535
1410722
1408735
1482982
1377235
1400019
1416461
1422620
1387311
1422041
1487169
1437452
1424589
1455824
1488892
1426892
1431703
1473511
1445232
1466248
1503737
1459395
1437591
1444892
1403236
1375913
1457982
1456983
1433186
1452838
1399004
1418517
1420983
1404268
1400737
1406726
1394900
1391364
1403708
1427474
1386268
1440176
1388772
1386573
1491790
1388810
1422654
1453951
1486441
1429329
1449627
1472850
1474997
1442149
1442239
1497659
1465025
1402221
1444654
1434202
1465738
1453550
1455806
1381150
1395467
1400804
1390503
1426120
1380403
1382375
1429639
1396050
1400177
1392275
1383852
1399006
1443916
1389901
1434371
1409111
1483913
1378491
1487912
1439519
1469693
1512658
1431636
1506152
1479946
1453118
1399944
1467615
1455690
1444893
1432094
1489342
1434163
1457545
1409297
1398304
1404419
1391952
1413872
1396319
1434916
1384388
1409271
1461208
1439210
1429462
1417892
1424236
1436123
1380766
1384719
1399599
1428276
1402774
1403891
1477457
1389554
1440464
1411221
1491129
1450975
1449175
1471457
1445927
1455463
1445244
1463884
1435616
1451717
1396499
1462865
1456447
1387646
1400774
1384928
1400989
1403467
1397800
1385331
1410969
1410470
1422567
1392231
1395191
1437971
1410131
1406771
1396430
1394613
1406319
1400441
1428794
1442543
1495334
1433947
1483707
1495307
1407227
1377815
1409754
1443317
1474741
1430223
1413052
1503726
1385497
1397216
1407298
1488733
1459247
1422971
1423209
1444970
1385205
1403116
1406596
1418635
1400085
1419453
1441963
1403574
1460486
1420345
1498653
1463752
1428152
1501104
1449025
1458124
1478300
1441545
1448790
1461704
1421243
1460512
1471149
1469394
1477365
1467985
1438553
1443368
1383547
1427307
1378609
1397161
1375769
1395936
1408918
1414187
1396107
1435767
1437854
1430585
1399002
1417318
1443240
1391426
1409191
1378428
1417890
1405750
1406778
1445969
1408200
1471392
1452772
1413135
1478060
1444623
1485369
1518937
1407441
1432580
1512271
1459628
1388003
1441670
1453947
1473675
1450946
1470710
1376769
1405732
1411841
1456577
1389985
1402260
1402006
1405942
1419033
1434547
1376587
1387640
1409645
1395256
1394862
1484380
1407485
1467211
1497086
1433847
1461296
1419148
1433026
1483567
1440190
1501239
1406062
1470784
1429032
1427093
1444234
1410688
1433311
1375699
1392835
1405482
1408086
1431209
1393690
1407255
1393772
1396843
1399643
1397633
1389513
1395685
1489273
1454524
1422116
1514841
1376570
1451526
1474821
1485701
1483127
1376359
1388958
1464984
1401087
1460952
1415479
1384919
1401398
1421195
1387613
1396387
1428628
1382698
1376741
1392602
1425890
1391317
1408182
1405373
1453554
1462825
1481745
1471525
1447247
1475622
1478840
1460200
1456338
1424801
1460279
1468889
1424330
1426990
1460575
1422608
1436343
1394735
1462364
1390239
1402519
1516692
1428851
1421608
1388360
1380325
1410045
1388575
1486301
1396879
1403079
1418441
1469143
1494788
1415933
1438189
1468249
1451441
1492797
1480587
1413724
1390511
1430562
1424689
1408007
1380827
1443901
1442360
1396454
1378819
1398863
1419202
1382352
1397496
1391637
1418324
1382283
1408103
1425562
1386612
1376630
1386232
1400174
1404338
1398874
1449848
1464892
1444960
1461131
1421313
1441217
1435584
1417481
1412012
1428401
1489446
1476058
1506299
1460582
1413760
1451048
1417145
1459319
1457417
1391823
1381908
1404303
1423134
1413052
1392015
1377559
1426747
1474884
1393676
1390649
1419801
1407800
1399881
1443090
1430408
1434131
1435144
1380309
1429403
1465311
1481958
1469510
1452916
1400751
1463455
1422200
1429173
1376064
1408806
1375858
1388587
1391539
1393118
1422415
1422948
1377458
1386466
1387905
1391209
1386248
1393737
1464571
1432884
1382590
1429023
1438632
1386058
1434079
1456529
1467632
1459272
1487939
1415474
1383930
1458257
1393027
1419865
1448295
1392612
1432328
1428383
1375986
1387549
1399248
1427279
1418828
1423222
1386921
1418748
1435579
1398763
1383671
1433805
1389350
1459110
1472164
1466032
1386016
1430226
1382171
1495011
1464896
1449363
1456450
1476459
1469857
1386037
1434327
1434561
1466081
1456100
1432353
1461178
1508105
1419103
1438178
1384073
1400896
1376789
1383717
1392759
1446947
1394142
1391793
1395080
1407941
1384835
1511319
1411127
1478074
1441886
1487482
1467810
1504569
1450892
1479352
1463497
1480042
1467627
1478229
1478357
1416805
1471198
1468547
1392089
1387623
1397392
1392350
1390248
1383604
1399131
1393935
1399436
1434913
1433659
1429727
1467006
1465835
1401287
1469077
1457204
1494342
1484606
1480859
1463143
1469986
1445360
1476872
1477795
1391247
1459933
1406135
1451193
1446366
1489146
1416869
1427926
1379339
1400767
1388273
1399974
1396217
1380537
1401458
1408874
1426898
1384157
1406839
1376020
1478846
1428799
1378281
1462396
1476299
1451423
1449483
1518584
1453810
1491940
1483949
1506368
1459390
1435954
1400242
1417215
1445947
1409096
1429901
1379482
1387941
1377912
1410620
1399166
1389684
1407197
1415219
1383347
1398467
1404855
1380377
1403062
1473649
1376554
1380603
1388396
1388796
1377697
1384352
1444369
1395345
1399687
1387781
1510394
1406584
1433092
1446475
1448571
1498016
1376860
1453918
1435641
1440757
1442176
1450750
1468657
1462187
1451740
1446194
1486267
1437031
1460268
1465763
1486436
1438233
1441655
1449021
1436377
1459742
1454003
1465259
1463537
1448579
1450961
1496578
1488477
1490813
1477217
1464377
1496346
1502525
1473023
1508218
1481834
1509638
1458727
1441894
1506280
1405495
1378058
1467511
1488759
1481330
1459525
1447178
1397130
1435722
1379366
1433735
1389941
1391682
1410384
1386689
1394284
1442682
1408422
1426144
1446733
1410784
1420362
1420169
1440228
1415809
1386036
1465838
1411095
1412842
1411119
1385204
1384876
1418577
1406333
1413045
1403424
1475619
1448511
1422991
1410381
1425675
1447907
1456463
1488011
1472292
1420139
1493221
1495909
1475889
1491074
1498572
1492903
1498512
1455989
1464747
1487411
1512445
1494954
1458953
1496421
1514985
1500013
1513590
1498071
1503004
1508398
1503011
1485994
1495603
1453130
1507974
1510596
1514863
1512129
1480470
1512797
1519553
1482761
1513224
1498036
1469985
1480556
1431484
1433333
1443309
1382562
1433777
1428376
1437621
1458194
1408303
1412509
1414631
1403187
1414023
1407710
1471224
1478340
1437773
1501643
1499060
1513778
1474780
1438974
1476879
1511701
1496162
1415830
1519519
1494028
1454802
1472997
1482487
1498866
1503208
1487467
1457422
1497580
1487542
1516459
1490083
1491772
1409546
1497270
1468586
1448092
1421319
1471805
1495517
1407530
1382761
1496480
1436581
1469617
1442392
1428974
1432288
1443056
1472554
1451765
1420404
1468937
1463645
1490241
1454915
1492421
1439153
1463182
1427214
1465346
1442560
1459492
1460485
1463092
1488904
1473463
1460813
1475368
1464639
1507352
1471654
1487137
1482439
1483184
1498337
1499557
1483715
1492887
1501938
1470025
1498751
1457257
1494243
1497815
1465679
1461036
1515621
1459686
1483241
1499618
1460415
1500480
1482996
1453628
1477622
1388556
1415349
1381454
1402074
1397606
1380938
1387880
1382495
1452420
1402249
1408380
1390473
1438618
1407917
1449337
1416600
1423143
1393594
1421384
1387804
1486208
1433818
1411178
1402817
1431251
1437837
1450467
1386178
1393183
1431138
1412022
1412474
1445301
1440459
1440212
1417101
1402967
1450285
1503004
1492538
1466951
1511544
1508440
1492438
1508442
1432994
1508577
1513772
1506652
1464730
1464790
1483244
1487407
1502379
1482625
1486548
1483488
1506518
1488904
1489320
1512763
1519528
1472884
1511433
1496086
1452723
1461338
1503001
1494836
1515063
1514459
1514978
1498094
1509795
1462605
1405190
1401333
1417343
1423250
1398027
1461165
1435408
1422047
1412259
1428567
1381609
1427593
1485617
1515157
1496886
1474618
1479325
1483090
1463080
1481534
1476207
1514026
1464754
1454052
1412056
1495935
1494436
1507412
1518372
1391653
1506737
1518334
1513668
1516895
1496412
1509510
1502811
1497152
1433117
1505505
1462105
1519076
1509023
1496138
1520143
1494398
1492868
1501714
1487001
1475841
1494286
1493365
1459188
1477161
1496931
1469088
1394826
1408975
1391786
1459867
1470595
1461107
1477092
1484897
1481723
1468041
1446891
1452388
1449565
1425143
1458375
1467479
1479429
1455525
1438277
1401947
1418415
1504729
1429424
1447439
1469197
1516750
1462619
1492500
1461279
1434049
1454893
1474250
1437552
1461302
1475945
1466403
1500576
1420118
1488040
1459160
1498446
1487022
1476647
1497365
1469615
1500502
1492110
1464737
1456529
1484358
1499958
1499275
1437072
1428757
1474530
1495351
1516077
1477922
1519998
1481314
1504107
1450459
1382748
1421320
1379894
1392697
1382041
1428227
1398705
1412746
1410310
1392076
1399247
1404074
1435267
1397478
1385200
1441272
1447388
1386227
1417007
1421209
1398515
1409192
1451949
1401554
1397562
1394271
1440360
1440895
1439242
1417220
1434305
1439109
1511520
1471200
1456733
1468449
1502572
1498875
1502848
1495337
1503250
1495394
1486549
1511105
1502774
1461135
1484952
1482673
1494189
1464418
1494432
1484080
1499673
1510121
1461287
1489889
1518629
1499162
1508866
1493446
1482225
1503683
1497436
1513935
1509878
1495656
1517340
1419245
1418295
1415975
1428919
1388252
1429843
1410444
1399386
1417698
1390413
1381880
1412342
1468231
1488871
1497992
1474740
1500189
1507579
1518672
1462720
1492776
1496567
1499751
1499674
1508038
1482605
1492675
1497025
1519401
1492901
1499281
1495625
1502300
1502067
1436188
1496217
1469472
1495537
1477242
1516898
1500301
1486193
1510354
1485973
1474153
1514868
1408433
1449256
1491730
1515465
1469710
1458591
1472798
1387319
1410522
1486323
1488370
1458266
1452429
1400026
1423709
1458947
1426430
1433372
1414833
1442133
1444397
1442836
1473043
1440669
1475726
1453753
1472125
1429977
1433745
1490423
1479760
1454970
1473102
1505058
1514357
1520474
1506293
1519710
1390756
1484584
1494618
1451367
1472436
1468059
1449468
1458559
1461279
1480643
1444784
1440249
1423486
1432931
1462101
1476420
1469819
1498794
1493901
1486258
1502575
1472529
1475904
1383777
1433178
1456862
1411129
1379351
1407135
1388521
1406672
1413139
1413407
1404258
1412635
1405047
1381324
1405737
1396920
1404871
1415896
1376163
1401705
1405811
1387199
1380288
1437461
1465623
1451703
1459652
1436699
1444093
1411796
1508468
1480661
1459674
1462795
1500593
1483417
1519473
1492056
1495244
1509379
1499964
1433792
1511266
1513299
1482943
1499265
1512780
1468724
1484305
1519359
1465717
1515995
1472594
1502545
1512986
1499384
1502606
1496385
1496558
1438722
1444751
1400500
1406863
1392122
1395866
1394189
1466991
1412159
1421632
1412694
1401729
1499019
1478308
1473969
1478740
1469787
1467981
1457701
1447960
1503953
1515241
1502280
1502225
1480372
1517936
1513681
1512137
1517879
1508071
1513180
1507037
1500725
1505184
1516832
1485892
1514377
1455116
1492644
1486489
1450516
1500418
1511005
1495766
1493155
1483889
1476739
1504526
1517944
1453298
1517104
1492053
1418248
1394434
1487458
1461010
1463351
1458448
1410104
1485178
1475646
1440738
1389786
1457440
1498034
1462723
1461938
1507880
1493008
1443055
1468660
1435539
1475051
1438861
1446997
1425841
1397458
1465236
1486329
1514965
1454169
1437644
1479359
1440736
1423816
1439274
1438386
1470537
1432861
1490816
1471263
1485952
1476661
1476676
1478537
1485744
1508675
1488347
1503049
1491215
1498436
1502783
1459796
1498785
1417561
1465999
1485540
1476525
1496756
1479847
1419966
1499169
1451062
1489955
1419347
1477691
1416757
1381578
1403513
1380183
1405182
1412574
1414128
1414679
1453435
1407923
1409787
1425174
1403350
1402823
1409824
1411135
1444435
1426904
1404444
1420436
1411063
1394402
1415689
1380438
1381245
1377411
1424756
1434540
1414933
1421054
1418592
1451151
1475276
1403801
1447642
1491293
1467233
1490509
1490308
1504377
1474456
1494628
1393701
1492543
1479334
1469823
1503239
1473882
1517824
1510997
1491410
1516046
1495407
1439424
1498256
1513238
1401919
1474893
1457535
1502350
1495442
1498341
1511731
1431185
1467167
1515804
1506710
1417924
1499179
1473169
1457916
1388754
1416955
1384854
1437978
1430277
1437343
1412581
1395705
1417983
1419470
1515556
1465705
1491084
1505191
1466208
1442492
1506900
1497466
1477795
1478872
1434136
1454813
1504184
1489500
1508710
1515939
1500021
1508125
1510188
1507018
1503479
1507477
1412920
1410847
1405681
1383280
1379065
1400057
1388199
1382909
1379977
1396827
1401877
1388255
1376170
1389121
1396767
1399576
1421116
1481396
1409568
1384660
