4380
2307
2310
2356
2265
2341
2317
2351
2326
2347
2720
2372
2255
2326
2374
2353
2434
2333
2381
2364
2758
2286
2213
2253
2270
2429
2625
2375
2306
2435
2809
103693
2245
2311
2463
2538
2369
2296
2326
2410
2909
2296
2298
2256
2180
2374
2533
2431
2407
2388
2769
2358
2311
2287
2158
2252
2513
2280
2326
2535
2774
2398
2326
2308
2377
2339
2234
2319
2307
2271
2773
2347
2341
2297
2342
2298
2478
2328
2440
2579
2835
2284
2265
2288
2250
2374
2382
2262
2257
2475
2786
2500
2437
2218
2356
2275
2325
2108
2191
2323
2763
2334
2304
2395
2291
2290
2246
2278
2302
2317
2746
2392
2430
2299
2287
2333
2352
2216
2179
2523
2874
2462
2321
2332
2372
2397
2355
2302
2277
2088
2678
2342
2533
2420
2339
2335
2336
2303
2327
2306
2779
2474
2458
2343
2379
2345
2612
2341
2370
2296
2703
