6847
2425
2392
2380
2388
2431
2293
2410
2470
2383
2866
2395
2456
2469
2452
2491
2438
2370
2504
2379
2843
2402
2411
2384
2404
2432
2422
2318
2493
2468
2922
2358
2462
2406
2359
2474
2454
2545
2511
2427
2915
2390
2436
2399
2477
2381
2494
2447
2509
2371
2831
2313
2464
2399
2420
2385
2569
2379
2333
2481
2902
2325
2450
2438
2399
2423
2471
2419
2542
2472
2850
2412
2386
2368
2427
2449
2553
2418
2469
2447
2843
2361
2321
2384
2423
2390
2350
2381
2424
2554
2920
2410
2485
2343
2385
2386
2812
2458
2441
2465
2756
2443
2382
2361
2425
2373
2360
2396
2405
2457
2823
2363
2446
2414
2334
2360
2433
2399
2406
2444
2924
2319
2367
2436
2314
2395
2398
2419
2469
2468
2801
2332
2375
2400
2456
2440
2428
2391
2498
2427
2911
2361
2300
2159
2415
2457
2355
2369
2536
2519
2865
