6537
2385
2396
2436
2808
2399
2420
2395
2289
2392
2460
2360
2335
2352
2872
2387
2392
2336
2385
2477
2400
2424
2525
2491
2792
2412
2416
2410
2318
2449
2474
2385
2371
2401
2824
2330
2360
2331
2379
2461
2457
2406
2402
2432
2706
2373
2343
2340
2341
2384
2601
2365
2375
2378
2936
2372
2367
2416
2429
2671
2400
2333
2391
2360
2862
2342
2431
2478
2395
2439
2450
2343
2381
2478
2872
2366
2306
2332
2372
2348
2313
2990
2397
2439
2760
2365
2425
2413
2403
2531
2415
2415
2367
2421
2865
2353
2419
2255
2392
2390
2392
2452
2383
2471
2897
2185
2274
2359
2383
2376
2703
2359
2395
2424
2902
2310
2385
2395
2428
2355
2325
2428
2426
2393
2826
2301
2319
2267
2354
2388
2405
2447
2476
2432
2839
2349
2330
2153
2362
2288
2435
2327
2389
2450
2877
2351
2416
2331
2298
2362
2371
