6352
2559
2545
2570
2381
2245
2449
2998
2656
2523
2599
2570
2533
2581
2444
2305
2529
3008
2595
2614
2539
2594
2618
2601
2556
2485
2307
3168
2577
2621
2555
2696
2625
2560
2529
2596
2510
3042
2607
2604
2626
2606
2501
2590
2571
2597
2510
3047
2630
2622
2609
2705
2646
2589
2576
2685
2643
3073
5174
2687
2525
2686
2581
2613
2565
2543
2497
3024
2600
2585
2582
2542
2517
2585
2532
2644
2495
3165
2499
2613
2615
2541
2828
2625
2519
2582
2595
3076
2510
2609
3432
2570
2501
2520
2540
2623
2608
3091
2595
2548
2632
2665
2748
2652
2744
2660
2563
3072
2476
2577
2534
2555
2555
2635
2613
2784
2689
3142
2693
2647
2598
2597
2584
2588
2602
2750
2587
3041
2516
2588
2531
2561
2775
2600
2684
2686
2656
3012
2522
2625
2594
2554
2776
2612
2621
2650
2635
3342
2679
2572
2548
