6310
2454
2448
2483
2484
2489
2500
2466
2915
2331
2482
2418
2543
2453
2495
2435
2462
2532
2900
2450
2473
2413
2428
2422
2543
2409
2457
2397
2928
2451
2353
2425
2425
2404
2505
2459
2495
2453
2890
2368
2498
2396
2501
2379
2483
2431
2489
2442
2954
2380
2428
2533
2485
2441
2400
2425
2433
2499
2873
2488
2411
2412
2399
2431
2441
2436
2462
2560
2876
2317
2342
2363
2502
2371
2473
2416
2640
2508
2936
2280
2241
2364
2444
2540
2817
2363
2360
2538
3059
2565
2332
2406
2466
2385
2462
2387
2511
2459
2872
2344
2402
2309
2388
2461
2480
2474
2379
2569
2993
2424
2409
2150
2255
2464
2412
2388
2444
2448
2877
2412
2389
2457
2233
2344
2443
2462
2401
2463
2822
2394
2345
2403
2424
2372
2537
2378
2501
2411
2951
2448
2472
2404
2361
2443
2379
2435
2444
2430
2972
2360
2375
