5778
2574
2347
2788
2384
2405
2460
2398
2486
2470
2320
2413
2322
2778
2440
2401
2408
2461
2370
2382
2344
2459
2386
2733
2588
2493
2245
2352
2311
2743
2360
2396
2431
2795
2293
2415
2400
2450
2504
2571
2372
2393
2334
2710
2526
2548
2410
2383
2349
2369
2399
2416
2360
2810
1962
2271
2319
2404
2406
2637
2317
2483
2386
2791
2332
2173
2423
2405
2474
2388
2391
2426
2378
2840
2359
2287
2277
2421
2334
2321
2382
2543
2449
2792
2322
2308
2046
2348
2338
2791
2351
2472
2310
2847
2300
2250
2202
2068
2422
2318
2303
2382
9905
2768
2436
2428
2353
2376
2390
2473
2366
2547
2394
2912
2322
2393
2421
2425
2343
2362
2423
2518
2404
2836
2356
2363
2434
2446
2381
2303
2320
2406
2367
2954
2533
2465
2399
2468
2355
2356
2337
2386
2435
2843
2344
2392
2344
2324
4910
2572
2241
