97194
53063
56153
59961
60384
68146
57593
66931
56210
59602
59209
58524
58547
58838
56639
55947
54655
63425
54352
54530
59746
56405
52960
63948
58712
52862
49457
66400
56016
63665
55607
59012
55550
63932
53918
59614
52761
63136
51473
58300
55870
60293
54165
64972
65765
52982
54210
63868
65901
60203
63959
61681
63817
63165
55793
51950
54321
64142
54067
60075
52979
52213
59574
67164
59025
60833
57714
65166
55738
56984
58636
60417
60562
61515
55560
55206
57538
65137
56878
55684
54014
57954
56389
67719
57867
52362
55775
63045
57129
57849
53957
55229
55994
68239
58528
60498
58353
63646
56055
56245
56889
56821
59863
74059
56465
57803
54707
65755
62710
55767
54141
57021
59313
63165
51433
59114
52372
65001
57388
58176
60768
53974
55245
59893
57200
60706
53993
62604
54970
55787
53494
63327
59877
60391
55749
56663
54571
63372
54375
56074
53336
59526
53127
75908
59397
53921
56006
58784
59986
58137
59575
