104674
64859
70064
58853
57305
60761
61535
59858
70403
68307
62086
60391
66994
62215
59140
61335
64956
62479
66754
66083
62672
61645
72743
58923
59768
61212
62711
61625
67022
68192
60437
59261
69350
56529
56445
60275
60202
61740
64637
70130
61311
60117
68619
58428
56700
61107
60371
63616
62976
61557
63188
62026
73900
61770
56671
55698
56926
59903
67033
63744
57925
62074
70530
58123
59867
55435
57356
56096
74363
63692
61101
61022
69346
64633
58211
60440
56385
59081
67149
61948
61521
64424
69947
125506
59215
60637
57587
57743
63946
66525
60992
59500
69886
61957
59399
62474
59945
58732
60808
59806
61076
65321
71827
67975
58403
61124
58963
61885
63667
64603
59261
63048
69737
67282
63846
63361
77941
75377
58682
65756
62682
60628
66585
62707
59923
68908
61310
59331
89283
62882
59247
57443
69530
64799
63116
62547
59107
60974
63199
60482
56892
59864
65064
66718
65462
60953
60702
59689
63826
59876
57001
