91688
72928
71607
83444
73605
90715
66529
73230
72555
73030
74114
68503
69259
82659
71830
68637
66650
71646
71430
69656
67824
70506
61980
78885
64035
68827
76596
70996
72205
87322
68359
72293
70519
83372
67293
64199
65603
68214
78398
66475
71936
75404
69264
71335
70097
70530
68493
74498
71118
74035
71594
73698
67531
80997
68703
70938
67456
70507
73615
72157
64010
67508
70694
73535
67751
68098
70514
68039
71806
74469
69582
72660
67324
74099
66028
66700
67525
71120
71554
77103
69119
72029
65698
73507
65288
70685
64931
74500
71779
84021
66252
63465
65786
70588
61484
68109
70848
74210
69826
72768
70430
69439
63827
70107
64282
65577
65547
62819
73707
70643
135461
66237
69276
74744
60058
64405
66156
72004
76984
77023
66186
72549
68124
83041
63807
69039
67271
65010
74089
76594
72490
69515
69480
70948
69941
64969
62871
69322
75233
70745
77487
75058
68464
75632
65753
63388
60114
67783
71123
84248
73984
