112106
73698
78642
75213
69536
68953
74606
76628
83086
73823
73314
70109
77235
75893
68995
70767
72201
72535
76975
73307
72875
100050
85328
70328
70361
69074
74071
75117
79358
77158
82404
74365
75658
69487
69426
73868
70368
69050
80443
73487
76754
70242
71684
68933
67733
72093
68534
75318
1282252
89495
73753
73543
72766
64693
66834
69421
72943
74128
83385
75775
71239
71904
73774
65706
61194
72201
69287
83281
79678
69502
77287
79467
73497
59752
63779
69837
72004
72068
98033
81097
80393
67263
74461
61352
65169
60803
71200
76408
94375
80509
70760
70978
74574
61031
58224
65744
68895
74910
75107
68077
73855
69703
76865
62308
58065
60099
65534
70912
74140
71966
70930
74021
82163
67126
63799
60464
61761
68100
75525
75790
76476
72832
77093
69350
62575
64518
59910
63648
75286
68766
73633
73994
78960
70357
62645
71646
59297
65721
74598
73968
67483
69874
82957
77484
65932
68697
63141
53671
67329
68735
72558
