124669
72726
84271
80561
93678
74228
83803
70842
66645
77926
76165
79543
85649
67754
73367
69833
65583
63555
59096
59731
67374
71889
74471
65060
63680
59467
70718
62175
57062
67824
65382
63834
68108
68234
77105
70829
68327
65299
57517
71754
85798
72775
88938
65648
63060
70244
79004
62095
63900
68006
64454
67360
74495
62383
65289
64798
69485
61249
64933
70313
67181
71955
78985
65889
70104
72614
70218
68169
65633
54008
60849
70468
70716
64512
64951
68751
69474
64190
57988
64322
65704
65218
71927
69782
65905
64803
75925
67931
68177
61127
65971
65903
66818
63692
65890
66845
66600
59544
66823
57918
63275
62894
85702
65387
62944
61842
75191
63218
62483
63086
58315
64363
64586
63200
64221
62382
69035
60017
66237
63775
65915
62010
77638
68305
67540
64594
71109
70272
71354
67715
60485
67302
67303
64337
62701
61261
70853
63876
63706
66677
67912
67156
68943
65037
65722
67671
73306
67709
63590
65835
58055
