79356
56604
58769
73257
63614
63727
59553
66237
65400
69521
62370
64783
61567
68387
61377
66867
59341
60241
64771
65084
58156
60189
58122
70230
62164
61252
62164
68872
62481
71545
63678
64320
68657
68239
61705
62495
60237
64473
65478
68794
60834
64405
60097
67611
61162
67638
63367
65469
66498
66172
64808
64260
61986
72614
62683
67839
61678
66106
63792
84308
61564
64290
58572
73221
61330
62871
61653
60357
62599
67604
60493
64934
61623
66819
60334
64077
64116
60425
63479
70351
64206
62000
61154
66769
59646
64122
61113
65685
64442
67498
62331
66177
60428
70293
61334
62924
62321
59417
65808
69623
61156
61847
63430
70652
58514
66839
61725
67184
62761
67371
61976
65607
63449
63979
62186
63687
58359
63145
67940
71341
58351
61895
62152
71073
60954
61935
57935
62445
66846
66899
62112
60825
60939
63760
57858
65686
59410
64105
64160
68393
60351
59277
60097
65295
55181
57975
57112
63774
66922
67220
60537
