110821
75675
72038
67654
78770
73049
57569
64042
61383
69254
64404
64672
70547
63703
67982
72517
61144
69482
73118
66036
65897
66661
62740
71455
70541
72990
75329
60430
70377
73347
71345
70135
65002
71812
71929
72050
68823
62546
70003
61156
64169
65179
58322
66403
72234
68947
63341
70174
64082
64381
64269
61192
60555
74569
129825
73341
73308
64424
75274
72569
70370
78496
61100
70216
69777
73771
58981
65078
65732
67813
62424
66859
59087
69095
70308
65555
67889
66158
66241
78133
66999
71381
67054
69528
69917
71093
65006
62265
71345
78099
64453
68653
66670
72478
75939
73861
62257
72719
78131
76936
61080
67074
65706
66846
69659
74948
62975
69976
72163
69884
64759
65140
66347
62139
72347
71284
63653
71888
77950
70812
78289
66160
68196
64160
69774
97870
68865
69517
75718
67011
68108
62638
66459
60480
63012
73048
64343
68931
71802
60375
59504
64776
61071
64527
71192
73772
72480
69291
83613
63786
60708
