96815
69539
58489
66118
58704
66038
69853
66961
63748
63167
65557
77138
64010
62717
59900
59221
60949
71719
62515
60100
63266
67932
72557
64413
60762
66913
58286
64637
61024
138385
63650
81567
65285
60877
57443
73542
64994
72507
56030
61123
61833
942627
62756
64632
60560
59430
64039
66327
55371
65854
62397
72981
72008
65553
61047
60823
60317
64764
67595
62953
59247
77299
59699
72267
67757
76671
64041
71263
58255
56456
67965
83420
60831
75097
69826
64867
71112
72863
63037
72362
70764
80600
63234
71140
60607
64631
57481
60760
58059
67118
55739
79368
62951
74189
66561
70856
90357
83182
64316
61114
62589
2161657
88524
64269
62175
63318
65159
77342
64609
61720
61068
67564
68400
73164
61079
65938
64007
69190
66324
69795
60019
72812
63531
65345
65841
65767
62554
72330
59146
56936
59371
81233
62605
71088
71764
63165
67040
77801
61459
65964
63445
69945
73264
63769
57561
113286
60128
68586
59947
70034
61548
