108546
63353
62449
56127
57982
63527
68766
79035
65438
65496
68366
65690
64234
71984
60060
64186
69370
68050
60262
67080
69194
59452
65219
66812
59761
58674
67678
68457
68311
70332
70193
64945
66771
63819
64500
66948
68872
69793
56699
60139
72005
62182
59341
58200
55245
61673
67173
66634
59865
61964
67902
62908
55594
62143
55639
62458
77170
69139
61377
66628
67451
67518
59476
59362
61964
60106
66039
65226
60714
61624
66993
57947
56797
60063
61891
61367
62937
65111
62333
62648
69553
62440
58023
63602
54846
57108
63284
62063
58451
60605
65626
57692
57352
62920
57492
60114
68692
64095
60266
58066
73906
72530
67674
68084
71842
66628
72568
71301
65837
68090
71245
60971
69606
67935
62429
65191
82723
73164
68071
66708
70326
71339
68027
64394
64900
68111
72471
67377
62709
65825
72348
68546
65216
68219
67149
60314
68076
75021
64060
60126
69038
66987
61625
67660
63774
68312
74045
75156
71220
64582
79093
