121529
81095
84968
73136
71647
90376
82604
71520
117428
112125
91550
78440
83685
70198
68717
83676
80495
83386
125302
66910
80262
72994
75971
68049
71864
73548
91504
73005
70388
66153
82910
75600
69184
68933
73848
74212
84976
68333
115325
83766
79507
73982
78163
77157
70264
74375
86840
72149
75870
69809
91112
71257
75546
71283
76613
74769
92083
76678
77289
81474
82380
80407
84195
71814
67260
80112
83003
67752
82491
74727
96759
75724
67162
73448
77797
75806
75298
72407
81869
170542
81223
74621
80983
80408
70954
136817
161447
92524
69898
75125
87727
73760
77914
62590
76674
79383
87588
122522
137511
79313
80017
84604
77021
71405
77002
73149
113306
111201
73138
72891
83301
67447
72730
73525
74575
79461
89760
79233
72408
74090
79423
70257
75805
67255
69579
79527
87350
99617
95857
72388
77858
78531
73437
73317
78435
79533
91710
74101
75327
66722
82196
66844
82984
75970
71076
83159
93888
75400
82532
71138
86738
