15532
9207
9188
9893
9105
9641
9281
9048
9175
9241
9394
9427
9055
9765
9065
9521
9119
9119
9257
9195
8971
9368
9711
9959
8881
9352
9292
8968
9081
9508
9439
9337
9180
9601
9168
9385
9191
9073
9245
9035
8988
9496
9983
8383
8544
10285
9394
9198
9195
9173
9210
9181
9750
7906
8370
9107
8893
8994
9060
9582
8829
9259
9942
7482
7636
8852
9157
8880
8905
8832
9176
9277
9967
8518
6628
8232
8446
8766
9013
8956
8881
9098
10312
8914
7749
7685
8399
8626
8777
9491
9232
9386
9882
8684
8774
8597
7310
8128
8886
8851
8982
9222
10055
8865
8720
10730
8254
6763
8112
9005
8927
9192
9818
9201
9000
9127
8486
7536
7782
8448
8680
9130
10022
8708
8735
9560
8818
8107
6176
7948
8836
9123
9973
9011
9101
9237
8682
8624
8529
7284
7621
8584
10281
9328
8722
9294
8989
8503
8501
8019
7088
