16600
9139
9545
21492
9283
9328
9060
9555
9756
9277
8823
8888
9159
8942
9197
9493
9159
9454
9610
9553
8219
8023
9014
9478
9141
9127
9140
9316
9270
10189
9410
6944
8623
9172
9103
9704
9246
8835
8985
9392
9613
7953
8108
8957
8998
9128
9284
9709
9219
8963
9823
8617
7902
7756
8579
9074
8860
8783
9242
9988
10173
8766
8518
7366
8243
8871
8850
9347
9341
8827
10334
9478
8940
7083
7663
8853
8702
9160
9339
9628
10147
8815
11063
8948
7666
7558
8568
9077
9128
9744
10148
9098
9383
8634
8458
6630
8162
8628
9051
9020
9670
9213
9318
9504
8811
8153
5751
8725
8918
8837
9563
9057
9221
8864
8575
8953
7538
7198
8458
9792
9761
8868
9110
8952
8751
9098
8379
7721
7608
8424
10135
9658
10868
8783
8824
9081
8698
8362
6290
8992
9294
9445
9600
9627
9109
9014
8763
9190
8719
6961
9427
