10356
10216
8889
8900
9005
8989
8399
8278
8347
8263
8707
9502
8694
9171
9018
8476
8781
8894
9872
8175
8924
9788
8734
8560
9846
8856
8623
8621
8653
9230
8876
9656
8662
8789
8973
8645
8721
9009
8581
8509
9022
9901
8679
8562
8713
8889
8888
8609
8625
8724
8806
9429
8598
8866
8538
8473
8460
8774
8898
9067
8932
9850
8863
8546
8769
9081
8595
8898
8703
8802
9291
9617
8360
8742
8462
8400
8716
9145
9923
8528
8914
10012
8576
9137
10412
8880
8580
8839
8803
9516
9008
9543
8351
8553
8851
8623
8708
9036
8575
8831
9289
9917
8169
8317
8329
8583
8715
8503
8451
8771
8807
9457
8171
8593
8357
8285
8468
8640
8696
8720
9042
9871
7311
7908
8288
8701
8700
8629
8367
8602
9343
9642
7297
7525
7959
8024
8623
8879
8602
8821
8911
10028
7627
7152
8805
8522
8183
8381
8860
8942
8821
