16479
11925
10622
10181
11029
10670
10309
10021
10371
9903
10033
10201
10662
10241
10488
10190
10840
10098
10004
9949
10692
11174
10594
10328
10774
10239
10260
10182
10639
10783
10520
11289
10501
10237
11159
10191
10675
10302
10388
10148
10890
11549
9989
10325
11172
16362
10653
10380
10567
10008
10183
11520
10978
10363
10897
10550
10460
10301
10715
10824
10473
11744
10283
10120
11368
10449
10531
10060
10547
10165
10576
11377
10381
10366
10731
10531
10965
10367
10186
10567
10923
11385
10496
12141
11117
10419
10462
10422
10732
10952
10644
11668
10478
10228
10772
10311
10428
10382
10556
10392
11185
11556
10077
10124
10820
10249
10403
10307
10688
10156
10592
11921
10368
10174
10583
10414
10523
10234
10578
10506
11014
11937
9602
10048
10990
10291
10145
10405
10441
10312
11043
11438
8431
9694
10346
10090
10809
22493
10601
10344
10963
11487
8702
10295
10483
9989
10367
10677
11060
10170
10536
