10816
7631
7703
8032
8870
8492
8657
8353
8174
8024
7969
8382
7963
8009
8635
8418
8550
8461
8181
8467
7924
8042
7898
8446
8678
8091
9834
8225
7940
11251
8442
8441
8095
8318
8994
8532
8513
8289
8389
8498
8133
8271
8079
8307
8989
8297
8342
8675
8405
8258
8364
8576
8218
8418
8738
8182
8477
8196
8156
9412
8359
8205
8238
8683
10514
8521
8619
8374
8253
8081
8194
8698
8285
8361
9039
8427
8537
8353
8022
8534
8160
7930
8116
9087
8645
7882
9873
8321
8160
8942
8283
8488
8235
8557
8656
8204
8426
8117
8166
8259
7962
8542
8379
8943
8508
7534
8181
8525
8144
8313
8118
8531
8208
8693
8158
7628
8013
7977
20571
8583
8103
8237
8291
8686
8200
7184
7707
8430
7921
7941
8015
8648
8070
8578
8676
6772
6472
7730
7754
8505
7969
8267
8055
8914
8962
7559
8431
7092
7731
8215
8051
