12370
9742
9865
10097
9635
9816
9592
10265
10666
9988
9596
10264
10138
9862
10023
10234
10051
10583
10896
10025
9783
10076
9793
10341
9893
10070
9922
10560
10984
10265
11110
10108
9784
9705
9553
10571
9964
10760
10923
9837
9629
9843
9594
9976
9594
9934
10012
10994
10900
9686
9582
9968
9826
9812
9969
10031
9926
10485
11074
10215
9544
9592
9702
9978
9833
10071
9742
10866
10125
9471
10917
9888
9588
9688
9695
10037
9911
10729
9335
8028
9154
9441
9541
10165
9650
9748
9988
10422
10260
8982
10077
9653
9547
9825
9961
10340
9995
10589
10308
8493
8035
9086
9644
9989
9628
9745
9851
10941
10441
9042
7663
8281
15550
9620
9430
9874
9745
10437
10657
9917
8643
8122
8615
9671
9668
9793
9750
10663
10619
9756
9233
8703
8137
8570
9311
9900
9782
10711
10731
9961
9281
8927
7518
8575
9566
9819
9800
10830
11052
9947
11434
