9981
7924
10238
8972
9326
9312
8932
8636
8379
7594
7240
8720
11038
9281
9271
10467
9152
9219
8511
8200
7394
7973
10217
9457
9372
8988
8965
8809
8921
9070
7920
6877
10303
9161
8988
9264
9615
8842
8803
8759
8579
8437
9032
8951
9614
8923
8818
9245
9190
8692
8423
8080
8503
9803
9344
9155
9466
9111
9034
9545
9152
8621
9991
9171
9452
9437
9391
9398
9149
21312
9073
8963
10555
9060
9157
10592
9526
9472
9184
8986
9205
8987
10390
9551
9464
9168
9282
9262
9506
9724
8785
8980
10429
9213
9074
9540
9629
9340
9404
9180
9185
9288
10349
8774
9449
9065
9081
9628
9805
9102
9002
9486
10338
9368
9179
10637
9517
8907
9128
9487
9445
9185
10296
9105
9281
9409
9396
9446
9857
9139
9004
9606
10627
9086
8806
10278
9213
9295
9214
9143
9492
9135
10384
9485
9303
8983
8930
9049
9402
9585
9479
