14504
9449
9115
9090
9172
9382
9132
9468
9858
8903
8855
9012
8843
9242
8934
9105
9004
10113
9422
8936
8826
9027
9054
9012
8968
9431
9015
9724
9086
9188
8638
8926
8993
9270
9078
8955
9073
9974
8174
7571
8379
8983
8790
8945
8972
9018
9099
9839
8798
7789
8116
8541
8811
9184
8933
8890
8921
9802
9388
8022
7488
8466
8488
8858
8799
9364
8909
9686
9497
8185
7324
7763
8358
8992
8727
8849
8911
9970
9720
8753
6945
7377
8290
8918
8946
9226
8928
9500
9648
9538
8306
7271
7184
8430
8749
8894
8809
9775
9961
8817
10607
8609
7328
7448
8431
8854
8676
9544
9811
9170
8743
8411
8023
8071
7757
8457
8820
9610
9673
8973
8834
8848
8662
7529
7493
8635
8689
9468
9564
9036
8698
9048
8841
8699
7009
7077
8435
22138
9723
9284
9035
9077
8674
8563
8105
7709
7712
9040
9734
9317
8821
