16202
11790
10680
10426
10574
9292
9200
10051
10414
10682
11331
12371
10934
10612
11069
9759
8710
9749
10578
10546
10835
12017
11033
10977
10962
10119
9987
8214
9835
11111
11387
12061
10795
10696
11308
10822
10160
9122
8626
9754
10688
11899
11003
10735
10932
10416
10557
9956
8568
10266
10729
11696
10636
10917
12092
10607
10440
10451
9564
7898
10344
11903
11099
10963
11287
10834
10939
10717
10193
9003
8962
11900
11011
11093
11527
10757
10711
10954
10830
10330
9361
9646
11205
11130
11296
10990
10978
10827
10333
10949
10065
9895
11028
13094
11740
11046
10699
10650
10895
10450
10379
10970
11225
11277
11309
10856
10881
10888
10578
10585
10982
11240
11000
11146
11487
10816
11052
10545
10783
10790
10682
11309
11193
10849
11176
11066
11132
10747
10882
10409
10973
11936
10804
11062
11626
10854
10743
11045
11260
10651
10952
11617
10907
11017
11209
10881
11475
10688
10893
11017
11075
