11582
9338
9993
9247
8847
7889
8108
8936
9136
9151
9321
9960
10614
8996
8934
7539
7252
8854
8926
9295
9121
9307
10169
9414
8980
8458
7624
8515
8880
9577
9265
9961
10232
8898
10902
9437
8537
7750
8103
9056
9134
9532
10186
9363
9326
9151
8914
8132
7606
8668
8777
9456
10451
9242
9229
9245
8711
8466
7826
9072
8988
9270
10252
9522
9481
9082
8954
9289
8116
7683
8120
9390
10701
9307
10924
9223
9134
9072
8814
8273
8115
8846
10339
9699
9629
9274
8677
9552
8989
9099
7597
7899
10172
9385
11004
9536
9151
8990
9270
9475
8525
8032
9981
9675
9780
9555
9226
9151
9050
9003
8900
8815
10111
9473
9774
9482
9193
9419
8875
9326
8898
8713
10128
9724
9761
9525
9385
9510
8910
9205
8994
9541
10504
9126
9472
9751
9344
9560
9164
9383
9287
9368
10469
9699
9726
9374
9308
9796
9374
9225
9032
