210854
16679
17178
19429
17459
19040
19463
17719
16614
22088
16347
17759
19407
17205
16503
15183
16207
16947
18259
24264
16285
18065
16536
16978
16586
16619
20153
18342
20564
26320
16917
20374
17135
16893
17630
19438
16257
16727
16693
24583
17096
18301
18420
18144
19241
16564
17897
16370
17807
24120
18082
20003
19087
16104
18596
18032
17599
18688
18706
26472
17700
19394
18053
17407
17650
16629
17524
17949
17079
21507
15455
16581
19100
16107
20621
19835
16381
18750
17252
27279
18793
19089
17532
16215
16827
18558
16528
17140
17369
22383
16130
16478
18344
16629
16766
18219
15127
19333
16580
24801
15232
15688
15641
17173
18252
17790
18042
18208
17390
23140
15840
15490
18720
16340
17671
16881
18205
16968
16667
24611
19747
16653
15561
17468
16052
16878
18193
17855
16057
25928
19223
18915
14353
16474
17639
15915
17053
17795
19297
27185
18734
16114
15091
15982
17772
17061
16643
14793
16975
22488
16341
