203399
19052
15845
17962
18115
18586
17622
17951
17347
24084
17875
18358
18395
20017
19297
17783
17583
18083
19989
28086
15310
17261
19058
18914
18985
18797
19037
19497
19599
26639
17829
15413
16882
17793
18752
20146
19881
18305
18141
24329
16878
14806
16853
16754
17630
17679
18253
20258
18754
26300
17976
17570
16051
16819
18686
16549
169264
17188
20191
26946
16967
16962
16646
15620
18813
17934
18539
17913
18315
23343
16892
16864
17017
16000
15804
15784
16944
18081
18659
177356256
99208
18941
16484
16515
14611
17033
18288
18494
17882
26866
18532
19285
16710
17724
15752
17659
16679
17687
17250
23763
18062
19056
18797
18084
15693
14255
16754
16347
18440
23880
16480
18452
17781
16814
17065
18122
15039
15644
15484
23683
18469
17387
15902
18063
18085
18627
17550
18191
16757
23923
18615
16853
18087
18157
18264
19030
16375
14665
15528
26275
17776
18416
16735
17500
15930
17603
16077
16816
15584
21787
18487
