183299
17954
16984
20014
20911
18682
24094
20108
19600
18804
17943
17888
20079
21148
18694
20815
29124
20444
20021
21405
20121
20770
20587
18296
20950
21406
25953
18833
19065
22500
22728
19541
23177
20550
22309
19790
26062
20385
20162
22856
19483
20957
20330
20597
19152
18476
25129
21053
20079
19971
20045
20448
20756
21809
21563
22456
25803
21085
20939
23575
20154
19439
20351
18995
19711
21443
25506
19615
20584
20457
19783
21719
22062
20303
20451
21068
31930
20562
22667
20702
19000
19116
169973
18772
21144
18807
23346
20191
19955
20406
20115
21894
20199
18950
22400
21886
26947
21114
22063
20340
21872
19671
22245
23238
23028
17944
25544
19597
18279
19507
20341
19577
21200
20528
21170
19635
26359
17946
19766
23205
21582
19258
23840
22818
21400
21446
27641
18137
17840
18371
20252
20103
20677
20036
19890
19990
27441
18749
19782
19338
19445
21789
21471
20544
22367
22021
23726
20169
17025
18129
19241
