148421
20792
21028
20253
19667
19913
19072
19417
21397
23566
20402
20738
19933
19766
19958
18717
20722
21123
20745
25011
19673
19900
19815
19957
19697
21629
19174
20449
17941
26712
17823
18009
19739
19696
18580
18707
18629
20177
19381
24066
19458
19206
18645
19952
18617
20128
19256
20174
20733
25547
18229
19471
17941
20371
20718
20017
21439
19940
19180
23812
16360
18799
18371
18335
18003
21802
19597
20096
19193
23551
16383
20649
17802
18886
18729
20830
20193
21201
18433
24881
18180
17078
16027
18043
18839
21969
18562
19120
18279
33784
18154
15790
17892
17953
18088
19585
20765
19671
17856
25787
19320
18533
16761
169106
17006
19073
18068
19163
20857
26730
19641
18943
16889
16768
17695
19516
19709
21195
22144
22946
19958
20299
18959
18574
16747
17460
19579
19970
19925
25796
21340
19833
16884
17776
16105
17215
18002
19549
19442
24940
20523
19106
21251
17600
16049
16023
16912
18086
20890
29447
19688
