140619
18989
19406
18770
19822
18491
18146
22149
18416
19817
17565
17676
21037
20473
16848
19074
18625
23176
19549
20255
16510
16109
15637
16436
16367
17280
19494
4850841
18659
20148
19120
18223
16589
16828
17203
18429
18166
24964
20251
21162
16692
18854
15185
17490
17303
15515
17419
27233
17274
21148
18015
21464
19096
20186
17250
18382
22019
25834
18443
20588
20312
19764
18316
17618
15580
14551
18396
24175
18683
19865
16868
21985
19678
18302
19724
15245
18688
23676
17628
18238
18770
19907
18659
18441
17131
16382
16839
25575
17845
21752
18906
20338
18097
18955
20299
19415
18250
22287
18207
16910
18461
18463
19246
19433
18414
18159
17433
32839
19046
18797
19183
18635
18606
19377
18038
18800
18165
25943
18932
19102
18891
19112
17101
19423
19713
19476
17899
23397
18214
22155
17632
21239
21242
20009
22641
19069
19319
24211
21145
19554
20157
20093
19472
21183
18278
20345
20084
24736
17875
22042
21165
