135574
15220
15402
19437
15617
18316
13711
14734
14078
14833
16025
13512
14723
19489
14061
15828
13423
16194
15298
15559
14259
14991
14200
19671
16013
16129
13650
15781
15289
18116
13447
14800
15757
18626
14629
14201
168327
14278
15169
14087
13814
14236
13649
19196
12947
13440
14631
14002
14980
14784
15345
15392
19006
18641
14014
14133
14874
15503
14126
16242
15403
14132
14513
17605
14204
13384
14358
14820
15072
14813
14674
14906
15355
19906
13943
13447
13026
15432
15441
15743
15881
15187
14935
19257
14058
13156
12668
15131
14381
16698
14861
15422
15469
18780
11756
12482
13989
12732
13363
14628
16633
13768
15228
21164
13331
13577
10483
13475
14071
16222
14284
14524
22116
20265
16179
13414
13817
13766
13615
13165
15972
15074
13699
20742
13408
15784
13544
14678
13476
14801
15335
14945
14966
18894
15118
15111
14365
15188
12210
13609
17881
15783
13849
19629
15053
14090
13906
13570
14247
13613
12181
