148072
18779
19273
19455
21394
21254
24971
21041
20402
17187
18648
17954
21671
18148
18146
22843
26956
20290
21405
18845
18299
18575
18081
20354
20467
20196
26097
20958
20047
22465
16834
18140
18676
18837
20187
20861
30651
21105
20727
22638
21294
18891
18943
17460
19667
20816
25283
171594
20296
19231
20886
19147
19755
18895
17620
18763
26711
19397
22540
22064
20667
21160
20133
17579
17665
17553
25909
19373
19781
20432
21730
21722
21685
19156
16558
19148
26077
19878
20656
21644
22308
19940
18694
19110
18895
17520
26745
20850
20270
22724
20987
24081
20344
21433
18489
18300
30288
20074
21074
20083
19390
20958
21911
21277
21736
18416
23672
21296
21510
18744
19999
20390
20210
20652
19294
19830
26765
20418
19647
20028
19695
20291
20851
20737
19963
19549
28911
20905
19563
20963
19245
19449
18354
19831
20123
21064
25829
20830
21414
20988
20156
20954
20007
19980
21229
19872
25840
20509
21444
20181
21985
