204076
17213
18270
18932
18952
18265
21086
15809
17313
18516
19227
18750
18395
20601
16920
18102
23119
17162
17479
18851
19422
20376
17028
18966
19016
17932
25160
20369
16363
20801
17703
20600
20459
18763
16688
18826
25590
17571
17047
16938
18711
16910
17574
19793
16984
18326
22551
17443
16944
17495
18137
17965
19997
20609
18925
22274
24828
19634
18501
21117
16887
16543
17341
19446
19781
21040
25153
19576
20457
19557
18806
16987
18383
19470
20660
24784
26194
17945
19108
20426
17174
17115
15470
17451
17769
17541
22972
18449
16610
21061
18546
17708
18484
18114
18416
17075
26773
18773
18385
17503
19397
18035
16932
16177
18580
17189
24645
19581
18606
18057
18669
19635
19335
14827
17194
18420
23254
18088
17603
19098
20188
16736
18745
18113
16573
16809
24805
18860
19959
17874
19171
18779
20852
19479
17115
19849
26882
18319
18747
17943
18083
19731
17561
19355
17778
16396
24237
21144
17782
16951
17920
