146176
19989
15262
15657
17052
16036
16291
16005
16561
17981
17538
18311
15795
15584
14877
15747
17161
15604
14774
16306
17878
20512
16351
14132
14229
20395
15307
15136
17519
16562
15385
21455
15589
14664
16204
17051
15136
17938
16048
16707
17428
21832
15102
14795
13819
15463
16759
16670
16270
16107
15700
20776
14900
15349
13665
16223
17315
16560
16272
16125
17071
20291
14590
15060
13736
14606
16727
16170
16484
16626
15841
21375
15900
15042
14872
15552
13596
14245
14612
16680
21546
22746
15731
14763
15586
14237
16893
16112
16445
17802
16891
21180
15651
14020
16110
13770
13378
14257
15198
15922
15789
24763
15781
15588
16738
15135
13894
12631
14595
15424
17534
20897
16401
14231
16873
15343
13798
14013
14154
15227
17249
20378
15995
14592
14443
14745
14282
13763
13016
15720
20889
16671
16481
16296
15860
16919
15939
15664
14399
14810
21610
15575
15151
15021
16296
16595
15470
15660
14978
13284
17812
