132143
17920
19188
18553
18626
16860
18986
19192
18679
29280
17545
17190
18796
18326
17159
19471
17350
18381
17746
22612
18319
18775
18129
18470
17202
18675
17438
17319
18434
24055
18881
17368
19145
19079
17150
18396
16874
18981
17148
23226
18509
18457
17996
17916
18562
19261
18092
17112
18029
23670
19685
18812
17333
17335
18782
18222
19068
20227
18897
25307
17482
17980
17054
19042
18180
17698
19622
17521
17982
22229
17232
18461
18199
19252
17736
17139
19109
17733
18765
24711
15780
17906
17722
18653
18879
17399
18332
17170
17930
24832
18739
18476
17468
19732
18620
17044
18757
18796
20184
26747
15376
17783
17688
17211
15669
17525
17461
16168
20180
26777
16120
17021
18489
16922
19000
17510
17621
18200
18382
22198
16353
16632
17650
17853
17600
17336
17446
18978
19225
26362
15242
13915
16613
17810
16981
17178
20348
17343
18644
24202
17081
17267
15137
17518
17516
18569
16624
18939
19216
24758
14302
