1048813
123679
124410
158499
105156
111114
101113
118947
126742
120182
130155
139653
112877
155326
116193
93704
102219
109154
114337
117563
113261
124064
127546
172870
119324
120704
93496
97575
109197
124817
142157
132105
121949
159249
122755
109888
111245
113189
104873
103117
115309
126982
129579
145320
130228
130522
115458
124508
98940
110049
137870
111837
122684
150479
133109
122573
111805
112982
103687
103400
122046
121269
128365
153440
130292
127537
121813
112769
106719
109600
102858
120510
121456
157255
107646
120795
121399
114407
102505
103668
97590
118354
102207
150089
124535
128734
129281
115161
109735
124346
109550
110742
109734
168515
119737
121086
120482
122465
121746
101703
137077
110828
111508
151101
129833
123996
140131
116990
110161
131629
135191
114494
97011
145775
133903
116647
113889
127301
122543
122301
116586
132521
113852
137260
112119
119583
110279
110753
129058
121803
119161
127699
116623
140254
124843
124442
123918
112399
136896
115124
124307
122986
108870
140567
119477
117285
127858
136246
124001
136307
125601
132680
112339
152209
137692
131246
124981
124327
125122
115988
108457
119467
122963
158424
116515
129374
121509
134851
126079
135252
150374
138340
114229
155968
134725
118963
113392
123920
123706
123712
116896
122452
133958
151029
117985
120585
121103
136601
118355
129641
119590
116351
126059
148082
126959
123715
124958
133670
132858
118974
126302
125032
130113
152037
120257
107698
116470
130157
123946
138242
135994
122616
123323
156767
127946
123769
121774
131895
126689
124593
117331
123525
134199
153285
110993
119401
126046
133318
134847
118716
122930
110661
128048
159475
106836
122513
127369
126222
135140
131941
133749
130021
128890
151812
112931
123842
133276
130174
142128
127131
128138
141414
140495
149108
104873
112323
129215
117570
127182
123496
118838
122733
127224
141831
104806
111900
126604
134406
112057
129411
140281
129504
118480
149351
100464
113218
108209
123055
119014
120080
122067
130181
128156
160434
114209
103154
94067
129765
114567
124377
147322
101756
123064
159473
125528
104327
100537
109884
115011
115859
886842
129991
125630
148137
119666
118889
107424
114175
108264
122306
123386
131061
141891
165666
118285
117906
119884
98155
100372
106143
120672
117443
109040
169160
123859
125073
127868
117879
100785
114007
116207
119355
123995
144300
129534
122915
122899
108267
96518
99502
118273
123048
132166
149951
117577
123022
133710
121238
115510
109775
137419
112322
105956
166543
134987
124088
129263
127468
122926
105969
104897
117931
118534
141145
121019
129249
120747
128008
114775
122320
117999
101477
110188
144217
124775
118761
125748
126783
119555
107979
108880
107976
102317
153760
128739
127172
135184
126604
117510
119564
116494
117331
104018
140102
118118
118210
119169
117469
129050
108372
127927
123379
105852
132748
119851
128293
115754
132274
119308
130807
143924
119548
111426
150196
129794
123521
115788
138505
124998
129286
125472
114838
121673
151483
123389
126789
128974
144656
128619
118645
127501
120646
122782
150320
122371
127477
122290
133667
130870
148072
125175
119186
133612
155943
126658
141269
129137
128890
120576
132559
130903
112281
110183
153869
149182
118886
128760
138374
116546
134567
129313
117697
119324
149001
117309
129187
128071
133788
130394
121023
136861
115779
140267
161459
125862
117747
123919
122116
107542
126136
142401
131727
131814
149297
136477
132145
121289
117366
128461
126508
125902
137014
131939
156440
130761
120983
141568
144673
139069
134052
122122
