1065302
127124
132063
138938
123793
145774
105461
112228
111945
125396
130658
114617
128301
125407
122064
135201
102555
105543
108126
115885
113017
120340
129292
136839
142873
135414
109354
108122
111669
121155
122148
120665
132012
116315
123998
140780
109249
116338
114960
103611
114939
111268
119872
133174
123394
153124
116003
92624
117967
883442
114139
117517
136257
1616753
116898
143216
110506
109607
82231
112972
105554
138230
107900
115052
121235
151596
106124
122441
106397
97031
118622
105259
136772
109786
122966
166624
114250
108706
122438
102209
99570
110419
118921
112708
121804
169494
115510
114049
108113
120300
100668
106690
114962
118269
117589
146696
124611
124330
132112
113685
110572
103460
120279
116690
133567
165933
119293
120847
128210
117430
119681
120663
111404
101710
108645
164350
125031
118272
111931
120697
125126
115715
101103
109476
106572
151943
118715
129178
122171
121539
129119
117048
109085
100813
114045
151525
135875
126321
116177
117355
126431
112763
124772
107507
104157
151002
125889
120210
124179
124486
133161
122865
121401
111624
104768
148025
124011
132996
119671
127138
127765
127752
122410
118388
114484
157013
120853
119518
122726
134776
124698
120699
139660
121957
115812
151300
131580
125642
123132
123016
128787
170939
116648
129127
122142
151273
115565
131369
133496
122559
122452
126142
125653
120395
115615
148273
132238
118791
146224
124286
118068
138363
134279
124286
121427
146341
126159
129086
122168
127933
124036
126410
133458
111333
118101
146355
119665
125292
141675
118899
121117
125602
122188
123176
116323
162564
124416
130008
130244
116028
130777
116746
124320
126855
111511
139988
115188
119861
116074
119460
124133
132473
114717
118645
130357
152530
113117
124539
132148
127395
130787
125728
130512
113960
117357
156033
129039
117478
131996
111576
131585
131633
125082
123551
121178
151742
134398
131316
122424
110158
133013
127299
133341
134990
134251
134364
123387
119837
123265
114646
144278
122803
130429
136674
132958
137092
113926
111100
122635
127087
128156
122209
124236
135109
125490
128835
106223
104697
117460
128221
112331
163449
118201
123826
128051
147868
100365
106175
98322
126688
907210
120995
117496
132080
111886
147537
116194
97745
106953
119543
125562
111119
126447
122419
132329
151733
129654
109945
107444
128505
121690
111269
122984
114146
111051
162177
131159
118856
98705
113915
120368
123760
115601
130473
120043
154040
125131
112004
119600
107444
115364
108072
125146
111204
133510
156214
119568
129505
124178
103705
101096
135425
112584
117457
123588
160065
136693
119545
121409
119789
115946
92849
105156
122842
127462
165403
118883
122656
118646
115871
124910
101803
104936
112494
123193
145361
119528
125979
130092
103853
123190
114592
106581
103865
111281
154161
124619
139747
124390
123765
124101
114539
100738
103207
112445
160955
122055
122005
124684
115878
144976
111247
109528
109669
102557
167601
129190
126907
132102
118051
126196
175650
120256
104891
108055
158405
128592
127145
122171
122241
127083
126065
114044
118383
101249
160607
137250
116015
123349
126337
129838
129831
115463
115762
112510
142231
131296
119222
126951
116856
141098
120438
112198
115159
110111
158130
112226
135211
121417
111858
122139
132117
122270
115342
114188
161374
127503
119046
134358
128111
125079
125926
123288
108399
127797
159368
134831
130313
133458
126700
131251
121733
118138
129397
136917
145108
117945
119913
133109
125280
116930
138050
133634
125783
121823
149587
126212
114412
135053
126101
138370
