1093117
91493
101210
98162
98699
97029
102499
106085
99673
89238
112947
92872
96986
96103
98940
91753
92198
99081
104262
86900
109767
87273
97076
89017
96616
97612
91639
104304
104547
94422
109851
95689
93967
105823
101012
98075
89118
131120
102378
94483
110800
89976
90518
98481
90356
90706
99947
100437
98082
88498
115791
79356
88268
87505
94085
103597
87776
98189
90513
110046
112242
79414
82672
88302
79161
88837
96471
97522
96146
88422
103865
85600
81527
89371
86970
83076
108891
94636
84013
95333
107313
80280
77240
84384
85525
88561
89198
100237
91916
114203
109734
92843
75298
79253
91087
93918
94284
128392
95453
104061
125688
93747
91500
73191
75910
68944
87202
88836
88636
95605
121412
97364
92834
79650
83773
89398
85395
91322
86909
86074
130982
83853
87527
73156
71108
78442
88111
91094
95031
96889
116301
96693
89529
85909
72794
86623
84715
80367
92182
94099
119566
94488
87347
92325
95706
91353
85784
85145
85077
88053
122978
94046
98419
88965
91700
85268
99463
77385
85065
83771
128947
96714
94734
94928
93919
99022
90632
79364
85472
80711
114484
89005
92575
83341
99262
27477734
94854
88202
84615
83847
121448
97769
102506
95535
96368
92885
93027
91207
79152
84320
114847
104773
93879
89487
92012
95693
94508
95597
88726
80969
122673
104104
100090
90144
95906
97057
98385
92933
96257
88040
114232
104074
92056
88286
91587
91873
106797
89196
94532
89577
114851
96399
97458
107263
93784
96247
93217
90524
86943
92819
114604
94190
89295
96157
99475
100082
85964
97350
95183
89268
122990
99563
96604
95016
95172
93804
97832
109527
104098
88957
115196
94947
91011
100429
100334
97391
90738
855878
92799
96933
117869
88938
96852
95417
90497
111387
100350
101042
92889
90806
111079
93311
100716
98498
99698
104998
133723
101159
95858
93344
116130
93065
97190
99098
98703
98981
99722
104401
105131
96005
122485
87120
95688
100842
93553
101048
94158
91474
102286
104039
123317
86452
101222
93585
92290
98467
100595
100290
97644
102575
116562
89525
89768
98714
91497
93017
94851
105728
93917
100872
103521
82405
93832
100081
108436
100429
97113
100165
98665
100332
97669
89737
98428
93121
96435
105436
118595
98855
105023
108927
108496
78892
79853
92666
91006
90265
100336
91038
98159
95747
113289
81759
83760
82804
84509
97350
95243
99099
95520
93080
131276
78862
84097
79297
90578
86586
94516
104295
98811
95870
101555
89664
76577
89510
84907
86678
96015
88531
95160
92893
122527
81126
81647
72525
82414
81529
92707
94397
105414
94154
124891
90924
87680
85278
82926
79536
110612
93501
92948
101224
124755
98180
100833
94536
78438
82878
79906
86887
92793
90233
115563
100836
96379
94511
86921
81360
79045
91628
94048
97213
130595
107901
87723
95834
87543
85941
70520
82524
86169
87252
122175
99740
96727
88635
98057
91879
78476
77740
83228
86605
122776
95208
98362
86401
86109
91783
90863
78491
82061
83191
127980
103801
102180
92137
95545
95407
125613
80027
78893
76941
131112
103945
105506
105610
96875
91862
99527
90739
74982
95569
109980
108570
111093
92196
91682
114426
90296
95603
92259
82328
121725
87747
94797
105225
97873
89180
92092
93321
93964
83193
130957
103832
98334
101902
96089
106346
97743
95315
105428
96934
131538
