778592
104377
152369
120620
125811
126820
130350
118186
124078
152145
120439
126020
152555
128030
132767
119907
122549
114779
124444
137175
132812
114720
146672
127517
136071
129795
115869
120170
135275
129760
128678
114654
159957
122919
118277
130469
126671
130639
129029
114232
116187
119474
142014
127115
134009
121207
135299
124946
134213
123819
138527
110108
155650
120510
109280
134128
123811
111134
111469
140357
119535
117198
153808
120364
123256
130367
131022
122604
127292
112090
117211
127752
167042
119642
126196
110040
127446
133438
133547
130406
118163
122668
160136
118642
119678
113171
120388
121652
130069
134209
132564
129697
156585
104491
121435
127565
139552
110070
117134
120434
124187
136406
159801
102383
113621
117146
131765
128008
116894
115907
123013
131719
164218
98439
117860
111783
128717
126929
143471
132175
126266
121655
165927
112524
110618
117008
119924
109755
125543
161636
121750
114414
141986
99531
107055
101055
119216
117664
134106
109173
117630
119680
164421
123688
106922
99318
104873
106806
124945
121438
118334
126711
153401
105887
103387
100278
111461
108843
107565
116043
125426
136798
157366
109493
117458
94789
92431
105984
129903
123928
119769
111628
169378
138023
102225
105415
105194
103991
108897
125375
124843
117048
152289
123543
128739
113240
99056
100741
111058
128959
122235
129254
162627
133893
131310
113334
121576
109563
107192
102630
111936
115224
151603
121357
129601
126361
120715
110814
108354
105958
118962
116704
156881
122991
123694
126492
121530
109374
110562
110883
102846
115476
156780
125194
142081
123667
125402
107702
112284
106020
100541
116160
145536
134199
126654
130653
127317
116006
125264
116700
104639
102431
154163
127261
123976
126588
119885
124228
122004
159366
113425
107868
136217
129309
122357
123605
122322
124593
117646
107659
121681
105429
128860
124259
126755
139857
128216
122536
34611057
118396
128744
110552
140663
135523
125870
132903
124781
136795
133972
124723
122080
115331
144888
127958
125646
125686
122126
123528
135005
129163
119993
117359
147132
132423
136539
132590
123458
122935
135951
148535
146506
122763
158583
124340
135313
123090
133176
127781
131971
130886
132165
133054
164120
133442
127013
128289
118362
139054
137975
136041
135542
130713
159932
121358
136318
127808
129900
124326
132320
130816
117653
116307
148975
119259
117000
122475
144931
136442
129306
137389
116680
128455
156847
122426
124437
120987
127627
123425
137202
133867
120145
920975
162624
111332
126811
130656
136806
142920
137438
130807
135131
141455
156424
124781
122163
117980
127280
116103
123450
180386
126989
124721
162051
114567
112274
128791
130555
130217
132340
123106
130630
125008
147103
102897
116728
124346
115641
120987
126477
131205
128317
138472
161352
103026
113333
128349
127554
124227
121477
116456
129609
114542
161647
124023
105595
99800
111162
126728
122116
125062
135639
120050
148786
110829
95170
105029
119589
123125
129927
133170
131553
132947
147154
114450
105331
101440
110949
119624
128026
119333
123069
129676
172788
113010
117019
95395
103413
114738
120953
118721
127382
128632
176371
112106
120412
113835
97444
104713
112030
131625
127719
121079
136451
129074
118674
122238
112253
103339
101030
99315
117807
123019
141264
117910
122832
116260
119550
96991
102342
122721
127151
114849
175402
126165
124704
130812
123480
97044
97984
102193
112603
118279
145779
117358
118187
131069
124488
124694
114161
137776
116486
116074
151500
126137
133013
125013
122337
121364
113552
113327
102725
