1050371
117589
113929
125610
124971
130184
121347
123000
139769
94121
97471
101180
115556
110363
104130
106149
127813
141829
129652
99531
86695
92921
97837
103392
119116
120381
116647
116434
153246
121570
103485
84656
88771
98026
105460
107489
127321
125472
141708
97415
106591
92072
104605
89413
104303
143958
116261
115047
137983
123775
102407
113872
100584
94123
100542
108807
123529
112594
139782
120438
117191
115149
112222
105306
102276
98644
108435
107030
154164
110793
114548
112324
104144
92790
95656
90933
104143
106230
144769
109962
112900
115712
119641
102468
88158
98325
93059
98834
140924
127819
123508
121416
116380
109357
89547
90549
89012
103946
137744
123475
119710
113468
119087
121965
104065
104785
93055
96152
138543
110398
110735
109947
118090
117657
109683
105810
107322
99462
146701
131453
118259
127789
123953
119020
926040
113052
97023
82914
137873
111113
122207
118293
129388
123908
113716
116400
110246
113449
141659
126295
115282
114305
119863
118620
106739
122907
103357
103287
129984
114770
119658
125501
122667
118427
123294
117674
125750
113733
149417
130895
125785
124609
119733
120172
107923
155046
119253
113347
165737
121733
99869
110541
123750
111281
127567
115058
116770
131238
151876
117532
124088
148316
131652
118159
127223
111866
114683
122529
147458
124045
122910
113911
123672
127843
130038
118688
122307
111042
148666
114458
117977
123641
136366
120483
134579
128273
123702
120471
137291
110533
111334
111986
125670
116599
128208
119437
123341
124926
138710
114481
122776
118635
131919
121443
120937
159568
127811
122408
130103
109198
105023
120808
120488
128713
117413
119028
118632
117744
144035
98358
110635
116956
115561
130803
137998
118898
105799
124092
143480
93952
107973
119536
128791
124755
121798
125919
137459
118766
133379
99086
95981
96792
108436
110878
123530
116416
116666
120303
145943
87443
89362
101737
105941
115322
121164
129720
118181
117841
141960
99305
95278
95695
109051
115660
119742
137322
115848
113848
150200
106227
97168
96173
93672
102986
103027
109783
124541
116408
143992
103476
100002
100708
88902
107754
108283
116015
123082
118164
135772
106367
99086
109220
101333
93356
105614
104232
121856
115450
146325
111384
116093
118729
93789
86114
97759
100066
120012
122008
144144
117992
118782
109780
107985
96609
94398
107171
117042
112430
142414
125024
122900
112157
109887
98663
87847
128538
113168
103733
165625
117030
117584
119873
114624
98806
96020
97260
100809
120701
137227
120982
111612
127018
107370
114200
100315
94820
103790
108387
140095
125409
115779
117153
110683
123430
141400
102044
88315
90774
153324
144301
124019
121417
128093
120033
108439
114945
93673
99980
131915
118150
120019
124800
128900
119398
113813
110109
102526
94323
144932
121784
121752
123534
123476
123344
119100
154258
111791
106076
146389
126488
919080
116947
124512
127010
111830
116732
110886
108707
153864
113856
123084
119156
117548
127645
350344
120464
110159
114639
133732
108070
114878
118121
122616
119113
115313
129455
111477
118057
139371
122316
121988
121379
124926
125093
121737
117794
131298
129629
143086
117927
117022
120841
125396
111655
120707
126781
115475
119500
139389
117493
128422
118941
130819
144603
114347
143735
121762
113044
147388
116923
117532
127371
118631
123833
124189
118338
127551
121402
140171
118938
124850
121236
119666
127302
133309
121712
125781
125613
151527
115397
122081
118345
128476
116994
116640
132384
126926
110781
139366
112880
110358
