759133
106558
94503
109514
118692
126763
137421
147759
137450
129204
124719
121508
113011
115525
107035
95964
100204
144959
136362
129935
129084
125680
124726
114009
113285
120403
108154
134165
135231
142309
135635
111042
135953
131930
131856
120147
95615
140765
136550
124551
125105
113843
127783
129468
127518
119346
100272
136324
125869
131863
135410
123742
125220
128249
130457
118724
124661
155820
132105
151023
131145
124175
118838
125183
136370
131310
119274
144581
125007
139326
130320
132019
124796
120696
138412
125841
124119
149757
135105
134224
139816
125841
135469
128235
130620
142383
128681
160695
137855
144436
135738
142128
140395
139596
162923
121290
127018
162742
131230
136392
130145
131011
132759
126109
123703
131630
141299
150207
124264
137442
129417
133188
136090
127370
131803
130704
129367
161358
133857
137253
127650
140544
132741
137484
151827
145512
128388
169093
132479
135205
130481
132767
130701
139601
128734
138089
138691
155873
122833
133705
132844
132673
135366
127569
147543
131921
125123
149686
108579
142652
127170
136268
131444
139435
159586
136838
133396
163080
113506
107096
117016
128628
130090
131612
124958
130308
135974
155275
106716
98999
118786
130070
125131
140115
128221
139177
115805
161252
101670
103267
118237
126684
127546
121196
135653
138187
134645
164174
101515
112082
111937
123282
131864
132740
131112
132996
134242
159125
107737
96775
97255
116134
110931
132568
137424
124133
126841
157947
120720
109374
102595
99186
116389
126283
160299
134969
137048
174071
126114
118915
102104
888256
96460
125457
117158
131630
118267
153316
121339
117829
112017
105154
88429
120952
113599
128019
114939
157800
119324
128763
111404
106195
108062
108468
110673
124075
135808
152396
126508
135394
117263
101450
99568
109532
115161
115652
124442
159618
134174
121838
119359
129572
111098
100047
104095
117609
104305
164063
123280
143246
121888
107761
113523
105566
104275
102684
118321
158062
133977
135933
125685
127804
118908
113575
101253
103152
101131
139364
127803
134997
134390
133487
118138
121535
107332
98645
100437
153148
142492
137940
139448
126383
123609
119391
117443
117928
107639
139495
131092
139802
140291
129595
124930
118214
119540
100527
98801
144995
135374
125817
143609
132155
124968
128788
116236
121560
103846
143979
138429
135627
137898
141660
136085
139255
164491
129270
111787
155889
132851
116780
130313
137951
127535
128902
109477
137684
121881
153349
136586
127743
129342
142435
128445
143606
128233
134276
131017
151833
143146
132339
126449
142196
130416
130777
121307
131025
133698
150578
133222
143256
138327
140449
126490
139580
132449
120640
131290
150885
124835
129937
140847
127801
126611
140594
138764
130490
123911
154512
128337
129465
134470
144910
135999
145972
147392
143040
142779
164784
144555
134471
140397
125010
132583
131697
143531
135442
131391
147790
130604
131793
129256
148844
131451
133588
130872
140897
129920
154061
130641
135824
142570
136737
134165
141344
133214
133973
121932
167864
119491
122008
134323
120595
134366
136266
138910
139385
119281
158906
111058
121048
121334
138945
141130
131803
143326
129070
145905
156706
112443
117296
128371
119084
125376
129952
167752
136469
133818
156455
100117
111810
109077
125015
122678
115461
139073
131400
133212
158989
106564
113309
109838
104878
113539
145245
134507
131087
138599
160550
109671
105918
103551
107955
123148
123389
125962
138337
139854
167771
126704
114670
107012
103006
101454
120084
123065
126465
137325
144521
136586
120834
104158
