1179562
119660
131426
106252
150472
118542
114938
129888
118248
159560
121515
112063
115351
126540
116022
109801
119803
129874
91993
152810
108719
112549
99517
102931
117186
126199
115779
119498
122472
143223
116157
123771
112913
114276
132769
119534
118154
122633
121222
150434
124141
124002
111577
109198
115249
110586
122917
113422
114376
142316
97281
120040
134336
119338
119662
108016
106339
137358
131396
158412
101284
105403
104057
114773
118507
115845
136209
133433
113096
147688
107360
93469
103120
116779
113538
116815
151855
113647
123229
167334
111922
98226
90977
103105
112511
101000
116566
129714
111708
159617
110144
102454
97984
123496
107400
112886
106491
122990
121043
143773
127803
95511
114144
97278
109053
104407
123556
117502
123853
148708
134836
134981
115337
101620
127974
118225
108949
111381
110276
136941
104712
104949
105478
112678
105417
99526
117363
115308
121581
147808
109925
122280
116992
112269
106765
102108
125402
127852
115933
134008
120533
124129
118243
106378
119829
101182
103055
103639
112524
151924
114561
122324
122699
135161
111169
104951
107780
108095
118356
153637
107203
108719
110711
118535
131615
124133
103178
105321
104754
140652
118453
96127
122075
125036
117618
127235
110788
111520
107102
129197
106848
113159
116809
113815
127067
117304
103982
108704
102216
156131
140122
108129
106875
137688
120145
109249
158180
109601
107391
147091
105466
112481
122589
114744
111983
116154
111029
109111
105814
149440
116877
119501
108693
114974
127372
122852
123795
123980
106364
144540
135439
113399
113340
112765
111017
119015
128907
114774
113440
142231
133939
111004
126061
115919
115192
930104
110203
121016
118882
134415
109009
114879
109771
137837
125790
120767
124883
127152
121115
158250
138461
111135
123465
113742
106477
108262
137373
112063
115814
145659
113031
113545
110135
123741
120356
122269
115477
120635
114212
153393
122549
120334
133484
133902
108791
106666
121301
104173
103179
144165
122026
103573
110111
127916
117161
129256
139456
120844
116697
154237
120250
135913
133351
122498
125473
109678
126943
127302
120726
172099
130165
117987
124828
104921
132586
116574
118003
114156
1580875
142680
115997
103958
119145
118644
128122
127960
162446
115572
112974
149900
110228
103761
129149
115456
113738
111289
137802
120168
106541
137359
103734
104073
124675
126174
125839
109778
113510
119333
119855
144183
99013
96109
106821
98883
118452
126205
125426
115832
120240
166238
114791
99351
101641
99471
106848
112504
112954
113338
138832
155026
119117
118282
101281
125851
109250
110613
115267
123064
119313
139893
114687
101829
98053
90718
110162
109931
137526
112735
106771
170338
116213
118694
119489
107765
111976
115407
110782
128330
125046
145704
110467
121072
110011
120317
110044
107881
107879
116918
109348
148038
124785
107199
111139
102769
103049
96869
106855
116918
118543
138165
104267
104760
119539
102339
121001
101773
99847
99717
121579
155949
114051
114987
104286
118715
98393
94734
96833
107265
134548
153532
127557
109302
117198
118882
113771
101894
143479
96241
111176
133058
105701
115133
127511
110552
113535
115877
108651
107378
102935
131411
131978
124831
117004
126332
108378
66805986
103777
111898
119099
159302
135915
127964
115053
116975
139780
129650
111247
111539
118235
123443
117670
117161
112853
120902
112900
121545
141834
117562
104121
154584
115009
135033
140337
133886
115653
136934
125046
120052
101931
137534
129283
120061
104252
124867
135889
117296
125722
123935
127438
153134
106801
