806470
115686
97034
111536
111471
127239
145280
120699
117525
104411
118368
107072
120712
104276
110869
108220
144895
122583
111522
128912
138146
110943
101681
98303
102300
101519
138554
121644
102926
127860
109368
119759
106493
128699
110984
121792
156929
127245
129607
129457
114777
119187
127371
111044
116328
102989
139830
125360
119931
122236
112897
132430
117966
119437
124371
100877
143726
124984
125318
153499
122829
115088
126724
128827
106518
117025
161833
117137
113173
130855
118199
122621
119420
110178
108188
114546
151645
137127
115206
123967
120707
125303
123241
123340
128132
115126
132817
115995
119138
139731
122311
123253
117918
146833
119180
121558
135777
123328
117902
121968
117609
124887
117986
116539
114964
127208
153642
136272
133318
127281
107464
115443
121859
126473
122184
117817
152322
119814
125630
121984
126496
133999
124970
168393
114203
127943
154695
137975
117097
126677
129299
133922
122768
120832
125312
124774
140949
123667
120757
118239
119568
117547
132810
129347
119548
125383
149504
118605
125869
117636
124900
126420
127882
115218
130626
129688
162940
121519
114839
114749
130433
912751
119610
123353
124901
120980
147276
109549
116882
121016
118805
123915
131849
137392
129545
108903
138337
114386
119108
120400
129559
127426
123947
125997
129777
119990
148268
100865
107464
104103
114105
123447
125041
128064
120564
119949
148320
101259
107861
105150
123317
137028
117707
123158
111393
131402
149310
113850
105550
116549
110552
115093
125084
159077
119892
133528
141064
107531
106923
110847
121703
112879
108794
117747
119943
125954
155550
122641
109899
99990
98057
112092
114757
125098
123040
126110
144515
120724
114739
117609
97261
100993
110712
118152
125534
122554
161176
116232
118226
120713
107146
117345
95411
119331
109894
110027
173001
123978
113180
111963
117087
103413
98725
103271
110061
118905
146415
131385
109454
119061
113540
109709
110349
102976
121617
125088
135797
124599
121609
104374
122613
121777
101731
99868
100408
109940
147855
137833
119479
125064
120829
110283
111322
111084
101596
111133
149427
131568
120400
135155
120378
118804
120192
111147
103799
113593
139869
136720
118270
123341
126817
133459
116167
107890
105511
102429
153362
134102
119850
121045
117524
128664
113369
118223
120133
97592
145499
133600
130435
136319
111183
113753
119282
157526
118686
108535
145409
113403
124830
122591
115962
136321
117897
132346
123607
111518
154636
131633
127202
126677
129686
126267
122529
118825
116367
127794
144491
133736
123868
120207
120740
121201
120673
119462
120655
122849
153117
127384
116632
123068
121311
130524
130424
124391
128677
124506
145084
129348
134410
135219
124641
126082
119606
130574
114378
122227
171749
119200
120885
134734
919337
131074
126977
144556
129637
123119
140353
113798
123669
127210
144229
130879
121977
130866
123970
121795
159067
123252
124341
128004
116071
128045
117985
124698
127558
131181
134242
111903
126766
135254
113054
139498
118996
136066
111579
125984
148765
120900
124494
122338
120338
144606
126772
117050
110287
120169
148524
110474
120081
119154
129008
127088
121540
141705
114684
120919
142808
107114
116380
117561
115925
117170
127944
154483
114164
136781
141511
100758
117956
104028
129756
117919
106076
115770
120975
118704
143886
114274
111252
115440
125631
119983
132630
121674
127536
119812
148522
104934
100317
109256
99675
110486
119216
110720
125585
136919
153544
116483
113004
90972
109798
122057
112043
115724
129139
118905
144852
112973
110016
102542
110078
