1203330
122001
120699
117629
124415
135678
108847
108682
144562
123851
116474
125159
116784
116366
115990
110492
109633
107553
146420
117345
122134
116303
118651
122162
118166
125966
110512
112969
140481
139767
120055
132282
126430
127759
119998
129162
124167
103972
140593
143836
124132
125885
125036
119337
115829
117351
112427
135815
148110
118366
141650
126144
118361
124970
120139
116297
141536
108515
157922
139415
124097
127920
108897
114990
121203
145696
124499
118210
161430
123449
121470
116302
118071
130893
127319
132199
125837
129388
158050
123429
117569
118628
123914
125183
135337
114755
116782
119541
151602
137931
131032
115955
141091
125088
203542
134502
123222
129255
152672
128040
110625
130064
117910
115976
142041
117172
127098
126898
173062
103639
123786
101130
115537
125834
127765
121774
125512
118621
141681
121554
123371
114510
138972
114572
125625
150908
121180
117823
148623
102772
115643
119158
129742
126629
119935
126330
135026
138491
182487
106722
99504
116566
119989
140842
127870
122585
111213
126934
143941
103169
98170
106963
111887
124248
120574
118772
123098
122542
156189
100111
97902
116759
110210
107203
116210
119987
129863
127801
159686
111394
96216
99553
103944
117565
104854
115644
130564
118221
143573
117463
110058
98508
105038
106860
133166
146739
112883
116197
155934
120397
884779
103382
100246
109023
110204
118392
123788
125742
149309
112599
110663
107380
97555
96295
115274
117890
110625
127036
156581
122619
113752
116040
99284
120084
111296
119044
738915
118792
166617
126422
122612
125119
109936
110720
99738
106202
124367
126687
144637
137510
129865
117482
120475
116494
104602
109210
117923
117568
155958
129441
113145
109468
116806
110743
98410
118596
110096
121591
152559
117169
103965
120240
109908
116364
104304
103879
105287
103169
146135
130512
119789
123115
124499
117950
123192
102437
106327
109196
137188
133734
124082
118746
125565
120695
113824
134311
112937
104941
147619
115121
127296
135103
122692
121341
109295
120528
112162
112464
133362
124745
121930
126051
133128
132400
116844
112877
104737
112748
150302
124645
111541
121459
125309
117790
119683
149767
109286
119317
151498
122022
124797
123907
121513
136641
135401
106832
115727
132488
138513
127298
122240
122699
142511
131012
119338
120013
134684
108980
153957
131929
116126
122222
119459
134024
130897
138242
113703
115319
158040
130329
130414
132542
126938
114779
126619
125913
108182
126927
150540
121063
111045
124357
128245
137114
111514
119103
116686
123625
160583
121770
127408
133066
119348
123143
134215
152625
122137
118405
153082
119835
113852
124287
132494
122856
120287
112766
132990
142170
138221
115899
114397
122014
139247
123471
143626
131400
117814
126600
131637
133946
129696
116727
123327
115668
120241
130930
122057
132390
153937
122224
119902
119912
140611
117793
122630
130385
122061
117498
155497
104997
118035
125171
114205
136492
136576
133248
122657
125601
142087
101571
107971
104682
122181
117838
115282
152596
135261
127731
142318
95592
111246
109890
132077
121576
112681
128324
132682
137091
138726
105530
104754
114875
128268
131849
122746
113067
130132
128450
145906
102913
88812
103707
122692
116675
116438
128519
118971
119413
160946
114936
115786
96674
95941
113936
108075
142230
106407
123256
159548
115461
116570
109380
104886
106098
103532
112169
128506
128021
154459
121870
111117
105769
98295
104610
105131
149168
116943
117271
148222
116527
137336
120859
115683
95665
105972
112540
112771
135273
143460
133365
117357
