1107563
126249
123826
134618
117387
140404
117269
120515
116667
140750
117666
115127
116446
120911
115931
149216
128906
128337
130156
118302
126238
108395
147427
124574
127307
149109
114730
114706
113781
138242
124421
132742
122304
125695
123046
144658
129805
117753
111370
113809
126020
115683
123265
116824
125666
144799
113938
109669
130053
123499
126374
117499
119906
140849
115932
136650
104501
125381
115019
135107
122602
122155
125957
118530
115532
137615
104938
115081
118384
117185
121907
128319
128274
113145
145208
120872
97329
125598
112788
110365
123054
123059
146393
135769
112533
140042
99343
107280
112774
138687
116919
116455
128875
131923
118054
139755
94600
97823
120068
113493
122625
135085
111322
117896
131865
948531
105451
87068
113868
113953
117616
142979
125119
120798
111264
147877
120884
102201
95058
119014
114231
108903
140309
125940
134974
154450
124123
103397
100566
94600
104975
122829
142365
1596733
118684
152178
135214
114009
99102
96791
110300
118977
164073
129730
124112
156708
139913
129772
106988
93497
110142
104362
108448
120552
121203
156676
129340
108313
109965
110497
114678
104420
117138
123118
123796
162036
127072
120621
110890
110642
111418
106921
111743
119168
133929
160919
127931
122514
120711
111688
126433
112144
96648
105783
115192
159562
132007
123597
138981
126410
125860
124727
99107
96951
108215
173123
117335
128937
137484
133369
123962
108023
97192
90421
120667
157006
128120
129324
126398
125847
118565
115862
117713
99804
91001
158668
124087
129497
130939
125216
126467
126383
122750
114171
100431
144809
131135
116156
147559
125038
131943
126493
111543
117700
107525
158859
124689
123136
118973
125222
128969
126282
131379
118234
113688
151503
130243
117932
132213
110158
123604
117562
133030
112412
112321
151159
115973
128396
128041
112005
130194
161537
129806
120963
121341
138903
120695
111489
132717
121050
118065
135686
120057
117575
110918
138721
123595
134276
121260
129112
131504
117944
125717
123992
133737
139913
131508
122416
128271
130919
126231
130576
135601
124191
127904
156792
123724
128213
129093
118723
126907
135030
127409
114794
124250
152619
120746
128700
118493
111954
118522
132971
134633
128025
125254
136423
123046
110955
126189
133509
116698
131504
120102
126485
127512
150841
119931
104305
115263
126139
124443
119134
123501
125688
137696
132643
112485
107305
130801
124882
147851
124292
114552
119013
120614
122851
96393
115098
127363
128305
130307
118561
110840
120122
125760
128615
87970
97719
110625
133093
124516
117439
125020
109487
132864
131178
87212
100748
116952
116373
123841
115107
128148
140180
126717
141081
110398
102105
95939
121386
119686
157102
115032
129332
117630
152254
112235
98683
98445
113855
111626
125522
131911
121233
126944
148208
119875
108299
915854
98903
117285
113370
132490
126397
128108
160521
114027
107934
109254
107355
95352
109189
128198
126466
130056
147816
136061
110213
98930
98981
90652
112765
110557
119383
120618
173016
119353
127175
112913
118187
101133
97245
101055
113462
123049
164996
124068
141893
108131
108557
99189
105397
91723
117830
118713
147076
120216
124711
119330
113885
116225
99791
98288
107638
110806
167777
131006
122444
129070
111543
118283
119585
81594
113421
107359
154516
129863
120205
123105
115982
134914
125398
102783
96695
107046
147994
126649
110241
114794
125314
133117
115498
105002
109568
94170
172295
116696
127076
116326
115067
125981
120121
117575
112395
99297
150646
128939
120026
112217
126423
123942
