14641.000000
6291.000000
6324.000000
6148.000000
6641.000000
6564.000000
6245.000000
6375.000000
6884.000000
5787.000000
5649.000000
6016.000000
6004.000000
6339.000000
6287.000000
6743.000000
6380.000000
6699.000000
6913.000000
5833.000000
5874.000000
6023.000000
6207.000000
6204.000000
6491.000000
6774.000000
6279.000000
6568.000000
6884.000000
6477.000000
5772.000000
5340.000000
5805.000000
6275.000000
6343.000000
6077.000000
6524.000000
6516.000000
7166.000000
6068.000000
5982.000000
6007.000000
6639.000000
6078.000000
6346.000000
6405.000000
6180.000000
6310.000000
7687.000000
6397.000000
6026.000000
6012.000000
5897.000000
6209.000000
6601.000000
6169.000000
6097.000000
6541.000000
7206.000000
6515.000000
6059.000000
6178.000000
5193.000000
5750.000000
6236.000000
6231.000000
6195.000000
6245.000000
7297.000000
6147.000000
6267.000000
6154.000000
5898.000000
5841.000000
6171.000000
5994.000000
5965.000000
6373.000000
7315.000000
6117.000000
6243.000000
6208.000000
5281.000000
5680.000000
6436.000000
6171.000000
5970.000000
6259.000000
7190.000000
6983.000000
6316.000000
6014.000000
6061.000000
5708.000000
5921.000000
7534.000000
6021.000000
6103.000000
7687.000000
6396.000000
6149.000000
6423.000000
6203.000000
5939.000000
6261.000000
6032.000000
5530.000000
6114.000000
8009.000000
6374.000000
6271.000000
6127.000000
6022.000000
6641.000000
6220.000000
5905.000000
6076.000000
6142.000000
7329.000000
6661.000000
6401.000000
6557.000000
6236.000000
6084.000000
6218.000000
6057.000000
5826.000000
5911.000000
7207.000000
6365.000000
6312.000000
6540.000000
6011.000000
6185.000000
6185.000000
6018.000000
6235.000000
6348.000000
7136.000000
6404.000000
6464.000000
6335.000000
6316.000000
6566.000000
6514.000000
6358.000000
6084.000000
5969.000000
16733.000000
6791.000000
6329.000000
6511.000000
6428.000000
6154.000000
6401.000000
6874.000000
5956.000000
5363.000000
7393.000000
6484.000000
6395.000000
6709.000000
6499.000000
6428.000000
6467.000000
6302.000000
6116.000000
6168.000000
7279.000000
6481.000000
6344.000000
6387.000000
7065.000000
6502.000000
6556.000000
6359.000000
6101.000000
6669.000000
7216.000000
6463.000000
6279.000000
6799.000000
6291.000000
6637.000000
6705.000000
6730.000000
6384.000000
6267.000000
7075.000000
6508.000000
6519.000000
6602.000000
6597.000000
6485.000000
6639.000000
6507.000000
6159.000000
6565.000000
7227.000000
6344.000000
6494.000000
6425.000000
6443.000000
6727.000000
6754.000000
6398.000000
6184.000000
6256.000000
7163.000000
6765.000000
6419.000000
6322.000000
6341.000000
6552.000000
6557.000000
7463.000000
6255.000000
6426.000000
7376.000000
6565.000000
6236.000000
6629.000000
6394.000000
6350.000000
6762.000000
6477.000000
6332.000000
6443.000000
7113.000000
6286.000000
6302.000000
6213.000000
6150.000000
6779.000000
6646.000000
6514.000000
7038.000000
6401.000000
7134.000000
6395.000000
6306.000000
6676.000000
6498.000000
6253.000000
6655.000000
6746.000000
6299.000000
6328.000000
7115.000000
6219.000000
6200.000000
6513.000000
6305.000000
6477.000000
6633.000000
6298.000000
6254.000000
6687.000000
7101.000000
5935.000000
6134.000000
6233.000000
6051.000000
6686.000000
6491.000000
6538.000000
6316.000000
6286.000000
6963.000000
6170.000000
6079.000000
6233.000000
6451.000000
6507.000000
6666.000000
7408.000000
6357.000000
6510.000000
6062.000000
5774.000000
6267.000000
6502.000000
6398.000000
6291.000000
6550.000000
6390.000000
6397.000000
6653.000000
6901.000000
5942.000000
5596.000000
6115.000000
6102.000000
6542.000000
6576.000000
6402.000000
6292.000000
6498.000000
6969.000000
6031.000000
6110.000000
6783.000000
5866.000000
6263.000000
6547.000000
6512.000000
6811.000000
6424.000000
6917.000000
6195.000000
5877.000000
5932.000000
6131.000000
6214.000000
6376.000000
6262.000000
6310.000000
6716.000000
7068.000000
6155.000000
5980.000000
5982.000000
5847.000000
5866.000000
6369.000000
6177.000000
6243.000000
6216.000000
7184.000000
6427.000000
6086.000000
6055.000000
5049.000000
5661.000000
6179.000000
7424.000000
6165.000000
6381.000000
7367.000000
6151.000000
6264.000000
6253.000000
5847.000000
5698.000000
6040.000000
6122.000000
5906.000000
6404.000000
7300.000000
6322.000000
6267.000000
6069.000000
6018.000000
6119.000000
5907.000000
6012.000000
6069.000000
5956.000000
7578.000000
6377.000000
6205.000000
6192.000000
5869.000000
4994.000000
5878.000000
7076.000000
6119.000000
6348.000000
7267.000000
6408.000000
6884.000000
6350.000000
6040.000000
6159.000000
6236.000000
5354.000000
5711.000000
6374.000000
7377.000000
6349.000000
6598.000000
6206.000000
6208.000000
6162.000000
6265.000000
6140.000000
7492.000000
5766.000000
7329.000000
6342.000000
6251.000000
6461.000000
6227.000000
6156.000000
6048.000000
5677.000000
5926.000000
6291.000000
7428.000000
6424.000000
6573.000000
6376.000000
6208.000000
6227.000000
6236.000000
6091.000000
5685.000000
5528.000000
7254.000000
6528.000000
6295.000000
6418.000000
6458.000000
6041.000000
6363.000000
6101.000000
5980.000000
5987.000000
7484.000000
6457.000000
6391.000000
6437.000000
6454.000000
6407.000000
6752.000000
6394.000000
6234.000000
6196.000000
6963.000000
7169.000000
7019.000000
6620.000000
6398.000000
6460.000000
6672.000000
6658.000000
6372.000000
6463.000000
7007.000000
6189.000000
6614.000000
6603.000000
6472.000000
6738.000000
6855.000000
6440.000000
6400.000000
6277.000000
7064.000000
6616.000000
6449.000000
6334.000000
6349.000000
6625.000000
6690.000000
178082.000000
6345.000000
6327.000000
7090.000000
6184.000000
6429.000000
6648.000000
6390.000000
6221.000000
6720.000000
6625.000000
6419.000000
7260.000000
6316.000000
6259.000000
6312.000000
6392.000000
6491.000000
6523.000000
6562.000000
6440.000000
6484.000000
6506.000000
7189.000000
6179.000000
6384.000000
6534.000000
6447.000000
6550.000000
6805.000000
6527.000000
6405.000000
6917.000000
6462.000000
6397.000000
6564.000000
6332.000000
6326.000000
6567.000000
7294.000000
6518.000000
6583.000000
7375.000000
6030.000000
6456.000000
6605.000000
6464.000000
6505.000000
6426.000000
6516.000000
6513.000000
6404.000000
6931.000000
6279.000000
6319.000000
6190.000000
6234.000000
6341.000000
6565.000000
6855.000000
7163.000000
6414.000000
7337.000000
6180.000000
6165.000000
6411.000000
6432.000000
6411.000000
6309.000000
6770.000000
6529.000000
6568.000000
7286.000000
5986.000000
6120.000000
6070.000000
6303.000000
6514.000000
6488.000000
6723.000000
6429.000000
6431.000000
7495.000000
6219.000000
5822.000000
6134.000000
6305.000000
6299.000000
6343.000000
6622.000000
6457.000000
6520.000000
7279.000000
5108.000000
5733.000000
6134.000000
6108.000000
6282.000000
6411.000000
6617.000000
6333.000000
6484.000000
7479.000000
5944.000000
5858.000000
5907.000000
6251.000000
6258.000000
6355.000000
6650.000000
6337.000000
6440.000000
7417.000000
6154.000000
5987.000000
5893.000000
5943.000000
6164.000000
6258.000000
6651.000000
7127.000000
6306.000000
7217.000000
6274.000000
6101.000000
5103.000000
5812.000000
6009.000000
6159.000000
6546.000000
6342.000000
6182.000000
7394.000000
5923.000000
6005.000000
5936.000000
5877.000000
5904.000000
6000.000000
6380.000000
6165.000000
6255.000000
7355.000000
6172.000000
5284.000000
5631.000000
6340.000000
6195.000000
6298.000000
6633.000000
6622.000000
6221.000000
7178.000000
6263.000000
6094.000000
6443.000000
6057.000000
5145.000000
5611.000000
6221.000000
6221.000000
6326.000000
7527.000000
6312.000000
5955.000000
6405.000000
6258.000000
6219.000000
6038.000000
6796.000000
5996.000000
6055.000000
6945.000000
6799.000000
6815.000000
6171.000000
6041.000000
6190.000000
6192.000000
6434.000000
6756.000000
5955.000000
6982.000000
6537.000000
6179.000000
6440.000000
6286.000000
6262.000000
5884.000000
5946.000000
6000.000000
6045.000000
7046.000000
6417.000000
6722.000000
6408.000000
6177.000000
6292.000000
6110.000000
15803.000000
5821.000000
5762.000000
7071.000000
6586.000000
6316.000000
6418.000000
6448.000000
6167.000000
6225.000000
6650.000000
6169.000000
6013.000000
5991.000000
6395.000000
6638.000000
6602.000000
6133.000000
6284.000000
6263.000000
6397.000000
6119.000000
5939.000000
6980.000000
6650.000000
6240.000000
6436.000000
6489.000000
6364.000000
6230.000000
6548.000000
6265.000000
6209.000000
7259.000000
6499.000000
6516.000000
6554.000000
6416.000000
6459.000000
6547.000000
6655.000000
7416.000000
6231.000000
7447.000000
6463.000000
6464.000000
6466.000000
6496.000000
6294.000000
6315.000000
6790.000000
6352.000000
6375.000000
7379.000000
6286.000000
6314.000000
6374.000000
6549.000000
6457.000000
6552.000000
6556.000000
6339.000000
6343.000000
7335.000000
6316.000000
6336.000000
6238.000000
6502.000000
6373.000000
6406.000000
6854.000000
6503.000000
6124.000000
7341.000000
6101.000000
6374.000000
6630.000000
6509.000000
6296.000000
6535.000000
6647.000000
6318.000000
6505.000000
7462.000000
6119.000000
6036.000000
6083.000000
6134.000000
6458.000000
6274.000000
6639.000000
6612.000000
6311.000000
7347.000000
5983.000000
5948.000000
6058.000000
6197.000000
6253.000000
7122.000000
6799.000000
4131976.000000
639997.000000
9002.000000
6192.000000
6084.000000
5961.000000
6062.000000
6245.000000
6115.000000
6422.000000
6579.000000
6405.000000
7413.000000
6227.000000
6186.000000
5899.000000
5900.000000
5970.000000
6246.000000
6467.000000
6103.000000
6162.000000
7458.000000
6270.000000
6107.000000
6158.000000
5850.000000
5650.000000
6055.000000
6441.000000
6405.000000
6366.000000
7211.000000
6206.000000
6446.000000
6209.000000
5873.000000
5716.000000
5815.000000
6250.000000
6101.000000
6138.000000
7230.000000
6271.000000
6091.000000
6320.000000
6149.000000
5796.000000
5942.000000
6395.000000
6042.000000
6056.000000
7058.000000
6105.000000
6440.000000
6249.000000
6039.000000
6099.000000
5182.000000
6028.000000
7159.000000
6079.000000
7267.000000
6548.000000
6380.000000
6243.000000
6472.000000
6097.000000
5922.000000
6334.000000
6176.000000
5884.000000
7049.000000
6335.000000
6402.000000
6388.000000
6502.000000
5944.000000
6264.000000
6181.000000
5770.000000
6067.000000
7169.000000
6361.000000
6515.000000
6282.000000
6338.000000
6057.000000
5944.000000
6170.000000
6074.000000
5878.000000
6927.000000
6445.000000
6391.000000
6526.000000
6464.000000
6113.000000
6339.000000
6231.000000
6011.000000
5130.000000
6937.000000
6286.000000
6467.000000
6405.000000
6324.000000
6273.000000
6310.000000
6299.000000
5909.000000
5600.000000
6882.000000
6564.000000
6532.000000
6325.000000
6422.000000
6427.000000
6362.000000
6585.000000
7173.000000
5872.000000
7119.000000
6079.000000
6498.000000
6396.000000
6412.000000
6440.000000
7052.000000
6374.000000
6009.000000
6008.000000
7028.000000
6648.000000
6529.000000
6389.000000
6349.000000
6374.000000
6634.000000
6594.000000
6309.000000
6151.000000
7162.000000
6183.000000
6351.000000
6501.000000
6483.000000
6300.000000
6211.000000
6559.000000
6237.000000
5851.000000
6892.000000
6201.000000
6580.000000
6397.000000
6497.000000
6473.000000
6627.000000
6667.000000
6401.000000
6105.000000
7439.000000
6493.000000
6259.000000
6432.000000
6600.000000
6390.000000
6521.000000
6803.000000
6468.000000
6308.000000
7335.000000
6303.000000
6546.000000
6313.000000
6272.000000
6495.000000
6597.000000
6633.000000
7136.000000
6291.000000
7545.000000
6556.000000
6298.000000
6271.000000
6482.000000
6372.000000
6119.000000
6664.000000
6497.000000
6226.000000
7467.000000
6193.000000
6307.000000
6434.000000
6362.000000
6135.000000
6741.000000
6802.000000
6468.000000
6531.000000
7376.000000
6167.000000
6366.000000
6156.000000
6455.000000
6492.000000
6130.000000
6852.000000
6721.000000
6423.000000
7395.000000
6156.000000
6189.000000
6402.000000
6517.000000
6168.000000
6370.000000
6682.000000
6226.000000
6320.000000
7736.000000
6043.000000
6140.000000
6499.000000
6356.000000
6237.000000
6529.000000
6649.000000
6481.000000
6322.000000
7225.000000
5977.000000
6265.000000
6013.000000
6222.000000
6455.000000
6373.000000
6629.000000
7403.000000
6231.000000
7419.000000
6015.000000
5935.000000
6034.000000
6358.000000
6051.000000
6187.000000
6443.000000
6251.000000
6437.000000
7525.000000
5837.000000
6100.000000
5991.000000
6173.000000
6222.000000
7235.000000
6600.000000
6203.000000
6246.000000
7500.000000
6265.000000
5944.000000
5968.000000
6077.000000
6117.000000
6293.000000
6642.000000
6603.000000
6365.000000
7531.000000
6003.000000
5869.000000
5738.000000
6013.000000
6140.000000
6269.000000
6343.000000
6297.000000
6371.000000
7557.000000
6118.000000
5810.000000
5944.000000
6062.000000
6087.000000
6232.000000
6638.000000
6421.000000
6311.000000
7124.000000
6015.000000
6213.000000
5892.000000
5812.000000
6067.000000
6257.000000
7171.000000
6488.000000
6207.000000
7367.000000
6297.000000
6097.000000
6018.000000
6308.000000
5925.000000
5793.000000
6332.000000
6252.000000
6199.000000
7432.000000
6196.000000
6145.000000
6030.000000
5917.000000
5749.000000
6259.000000
6426.000000
6185.000000
6153.000000
7138.000000
6329.000000
6196.000000
5998.000000
6083.000000
5907.000000
6018.000000
6271.000000
6276.000000
6030.000000
7036.000000
6220.000000
6216.000000
6260.000000
6236.000000
5872.000000
5099.000000
5926.000000
6002.000000
6006.000000
7174.000000
6195.000000
6154.000000
6285.000000
6076.000000
6048.000000
6225.000000
6357.000000
6153.000000
5982.000000
7115.000000
6412.000000
6570.000000
6292.000000
6235.000000
5976.000000
6084.000000
6954.000000
6069.000000
6003.000000
7287.000000
6557.000000
6531.000000
6378.000000
6392.000000
6196.000000
6092.000000
6225.000000
5933.000000
5885.000000
7032.000000
6603.000000
6439.000000
6026.000000
6186.000000
5997.000000
6145.000000
6293.000000
5899.000000
5956.000000
7030.000000
6338.000000
6216.000000
6423.000000
7202.000000
6203.000000
6170.000000
6348.000000
6113.000000
5317.000000
6940.000000
6209.000000
6468.000000
6452.000000
6356.000000
6272.000000
6448.000000
6233.000000
5846.000000
5121.000000
6874.000000
6379.000000
6402.000000
6436.000000
6485.000000
6183.000000
6395.000000
6505.000000
6231.000000
6022.000000
6993.000000
6268.000000
6676.000000
6493.000000
6178.000000
6472.000000
6272.000000
7363.000000
6178.000000
6077.000000
6869.000000
6568.000000
6264.000000
6235.000000
6731.000000
6407.000000
6315.000000
6590.000000
6390.000000
6042.000000
7183.000000
6307.000000
6440.000000
6434.000000
6312.000000
6297.000000
6617.000000
6528.000000
6160.000000
6095.000000
7081.000000
6421.000000
6620.000000
6410.000000
6579.000000
6376.000000
6263.000000
6728.000000
6578.000000
6095.000000
7077.000000
6276.000000
6383.000000
6416.000000
6610.000000
6288.000000
6655.000000
6735.000000
6269.000000
6293.000000
7512.000000
6207.000000
6246.000000
6425.000000
6362.000000
6564.000000
6537.000000
6625.000000
6629.000000
6304.000000
7089.000000
6191.000000
6467.000000
6388.000000
6512.000000
6497.000000
6484.000000
7645.000000
6463.000000
6298.000000
7540.000000
15660.000000
6060.000000
6349.000000
6477.000000
6443.000000
6353.000000
6457.000000
6433.000000
6337.000000
7451.000000
6157.000000
6381.000000
6287.000000
6414.000000
6419.000000
6573.000000
6646.000000
6348.000000
6186.000000
7334.000000
6073.000000
6262.000000
6190.000000
6367.000000
6214.000000
6388.000000
6615.000000
6744.000000
6573.000000
7319.000000
5927.000000
6073.000000
6017.000000
6432.000000
6456.000000
6639.000000
6563.000000
6361.000000
6401.000000
7419.000000
6090.000000
5837.000000
6185.000000
6436.000000
7531.000000
6257.000000
6684.000000
6428.000000
6389.000000
7764.000000
5714.000000
5848.000000
6129.000000
6158.000000
6271.000000
6629.000000
7475.000000
6656.000000
6425.000000
7423.000000
6079.000000
6083.000000
5891.000000
6226.000000
6129.000000
6032.000000
6509.000000
6286.000000
6287.000000
7460.000000
5914.000000
5263.000000
5580.000000
6045.000000
6131.000000
6196.000000
6606.000000
6239.000000
6508.000000
7413.000000
6068.000000
6080.000000
5472.000000
5788.000000
6271.000000
6372.000000
6677.000000
6663.000000
6401.000000
7335.000000
6003.000000
6189.000000
5886.000000
6010.000000
5921.000000
12930.000000
6391.000000
6074.000000
6290.000000
7750.000000
6091.000000
6175.000000
6116.000000
5105.000000
5903.000000
6113.000000
6515.000000
6426.000000
6323.000000
7384.000000
6262.000000
6448.000000
6027.000000
5974.000000
6114.000000
6026.000000
7152.000000
6085.000000
6129.000000
7554.000000
6313.000000
6251.000000
6095.000000
6182.000000
5948.000000
5983.000000
6210.000000
6277.000000
6074.000000
7468.000000
6212.000000
6422.000000
6102.000000
6090.000000
5993.000000
5595.000000
6003.000000
6068.000000
5843.000000
7327.000000
6434.000000
6369.000000
6373.000000
6255.000000
6086.000000
5962.000000
6197.000000
5979.000000
6079.000000
6931.000000
6223.000000
6573.000000
6277.000000
6119.000000
6018.000000
5988.000000
6396.000000
5929.000000
5955.000000
7085.000000
7045.000000
6287.000000
6290.000000
6354.000000
6145.000000
6598.000000
5602.000000
5791.000000
6091.000000
7350.000000
6319.000000
6825.000000
6417.000000
6212.000000
6193.000000
6278.000000
7109.000000
6018.000000
6072.000000
131507.000000
95716.000000
6484.000000
6311.000000
6567.000000
6366.000000
6278.000000
6347.000000
6302.000000
5190.000000
6810.000000
6406.000000
6406.000000
6521.000000
6525.000000
6296.000000
6557.000000
6589.000000
6045.000000
6080.000000
7262.000000
6412.000000
6487.000000
6436.000000
6424.000000
6496.000000
6260.000000
6492.000000
6398.000000
6246.000000
7303.000000
6453.000000
6340.000000
6554.000000
6439.000000
6310.000000
6693.000000
6815.000000
6295.000000
6243.000000
7425.000000
6395.000000
6384.000000
6359.000000
6432.000000
6403.000000
6499.000000
7523.000000
6421.000000
6442.000000
7174.000000
6029.000000
6505.000000
6482.000000
6301.000000
6543.000000
6501.000000
6588.000000
6629.000000
6519.000000
7734.000000
6281.000000
6133.000000
6214.000000
6576.000000
6416.000000
6492.000000
6657.000000
6633.000000
6569.000000
7218.000000
6138.000000
6427.000000
6222.000000
6261.000000
6283.000000
6611.000000
6730.000000
6574.000000
6309.000000
7365.000000
5979.000000
6091.000000
6335.000000
6527.000000
6242.000000
6321.000000
6598.000000
6605.000000
6677.000000
7594.000000
5979.000000
6261.000000
6321.000000
6364.000000
6448.000000
6519.000000
6748.000000
6588.000000
6380.000000
7555.000000
5940.000000
5910.000000
6074.000000
6422.000000
6298.000000
6447.000000
6689.000000
6364.000000
6438.000000
7247.000000
5733.000000
5709.000000
6217.000000
6071.000000
6228.000000
6501.000000
7425.000000
6462.000000
6630.000000
7343.000000
6095.000000
5885.000000
6004.000000
6437.000000
6148.000000
6135.000000
6508.000000
6459.000000
6266.000000
7558.000000
6033.000000
5915.000000
6064.000000
15916.000000
6275.000000
6749.000000
6813.000000
6380.000000
6343.000000
7530.000000
5993.000000
6126.000000
6099.000000
6301.000000
6270.000000
6127.000000
6531.000000
6573.000000
6490.000000
7386.000000
6076.000000
5938.000000
5967.000000
6065.000000
6090.000000
6286.000000
6655.000000
6368.000000
6351.000000
7810.000000
6097.000000
6037.000000
5760.000000
6147.000000
6160.000000
