17199.000000
6964.000000
7462.000000
7304.000000
7070.000000
7360.000000
7304.000000
7328.000000
7297.000000
7380.000000
7898.000000
6889.000000
6924.000000
7113.000000
7391.000000
7168.000000
7396.000000
7412.000000
7476.000000
7560.000000
7689.000000
6710.000000
6935.000000
7000.000000
7118.000000
7105.000000
7475.000000
7381.000000
7214.000000
7858.000000
7409.000000
6505.000000
6592.000000
6722.000000
7133.000000
7040.000000
7119.000000
7223.000000
7560.000000
7699.000000
7721.000000
6386.000000
6865.000000
6923.000000
6990.000000
7005.000000
7131.000000
7300.000000
7413.000000
7760.000000
7890.000000
6168.000000
6278.000000
6610.000000
6961.000000
6931.000000
7082.000000
7206.000000
7355.000000
8049.000000
8035.000000
6451.000000
5815.000000
6486.000000
6747.000000
7120.000000
7114.000000
7013.000000
7122.000000
7475.000000
8062.000000
6611.000000
6335.000000
6279.000000
6457.000000
6701.000000
6751.000000
6903.000000
7263.000000
7368.000000
7905.000000
6670.000000
6693.000000
6250.000000
6345.000000
7211.000000
7037.000000
7027.000000
7135.000000
7939.000000
8462.000000
6959.000000
6650.000000
6573.000000
5568.000000
7350.000000
6897.000000
7034.000000
7267.000000
7698.000000
8281.000000
7156.000000
7186.000000
6743.000000
6568.000000
5820.000000
6500.000000
6805.000000
6726.000000
7050.000000
8178.000000
7136.000000
6806.000000
6530.000000
6641.000000
6214.000000
6361.000000
6598.000000
6968.000000
7551.000000
8360.000000
7117.000000
7455.000000
6910.000000
6774.000000
6604.000000
5565.000000
6340.000000
6542.000000
7075.000000
8196.000000
7309.000000
7180.000000
6829.000000
7043.000000
6632.000000
6340.000000
6317.000000
6702.000000
7188.000000
8027.000000
7285.000000
7281.000000
7003.000000
6788.000000
6586.000000
6620.000000
6488.000000
6660.000000
7105.000000
8256.000000
7114.000000
7044.000000
7042.000000
16420.000000
6897.000000
6537.000000
6527.000000
6519.000000
6747.000000
7974.000000
7313.000000
7340.000000
7122.000000
7098.000000
6991.000000
7046.000000
6677.000000
6253.000000
6627.000000
8061.000000
7286.000000
7158.000000
7249.000000
7111.000000
7009.000000
6799.000000
6655.000000
6484.000000
5830.000000
7838.000000
7200.000000
7486.000000
7117.000000
7252.000000
7148.000000
7035.000000
6702.000000
6634.000000
6491.000000
7978.000000
7193.000000
7310.000000
7395.000000
7302.000000
7123.000000
6954.000000
6814.000000
6781.000000
6670.000000
7670.000000
7383.000000
7352.000000
7413.000000
7311.000000
7922.000000
7273.000000
6850.000000
6843.000000
6895.000000
8111.000000
7330.000000
7344.000000
7322.000000
7470.000000
8176.000000
6970.000000
6945.000000
6887.000000
6911.000000
7922.000000
7506.000000
7523.000000
7296.000000
7320.000000
7327.000000
7290.000000
7217.000000
7036.000000
7151.000000
8077.000000
7243.000000
7317.000000
7359.000000
7606.000000
7309.000000
7280.000000
7101.000000
7079.000000
7396.000000
8147.000000
7196.000000
7448.000000
7241.000000
7263.000000
7437.000000
7305.000000
7204.000000
6982.000000
7289.000000
8125.000000
7319.000000
7141.000000
7126.000000
7235.000000
7162.000000
7243.000000
7339.000000
7379.000000
7369.000000
8049.000000
7216.000000
7326.000000
7362.000000
7283.000000
7204.000000
7321.000000
7276.000000
7025.000000
7316.000000
8109.000000
7186.000000
7188.000000
7056.000000
7289.000000
8082.000000
7390.000000
7372.000000
7286.000000
7403.000000
7978.000000
7136.000000
7346.000000
7174.000000
7276.000000
7111.000000
7334.000000
7488.000000
7397.000000
7585.000000
7996.000000
7188.000000
7127.000000
7310.000000
7390.000000
7321.000000
7152.000000
7216.000000
7446.000000
7566.000000
7952.000000
7057.000000
7297.000000
7059.000000
7175.000000
7240.000000
9018.000000
7445.000000
7282.000000
7537.000000
7910.000000
7220.000000
6919.000000
7088.000000
7278.000000
7154.000000
7056.000000
7393.000000
7551.000000
7748.000000
7884.000000
6736.000000
7079.000000
7148.000000
7329.000000
7303.000000
7289.000000
7239.000000
7092.000000
7802.000000
8145.000000
6595.000000
6815.000000
6936.000000
7272.000000
8145.000000
7324.000000
7428.000000
7467.000000
7525.000000
7769.000000
6577.000000
6854.000000
6938.000000
7020.000000
7148.000000
7187.000000
7326.000000
7546.000000
7670.000000
7668.000000
6413.000000
15961.000000
6901.000000
7137.000000
7151.000000
7363.000000
7353.000000
7534.000000
7647.000000
7766.000000
6233.000000
6788.000000
6612.000000
6854.000000
7268.000000
7227.000000
7125.000000
7029.000000
7539.000000
7996.000000
6394.000000
6390.000000
6621.000000
16149.000000
7191.000000
7132.000000
7256.000000
7455.000000
7655.000000
7887.000000
6345.000000
5379.000000
6516.000000
6650.000000
7637.000000
7164.000000
7314.000000
7272.000000
7458.000000
8270.000000
6488.000000
6230.000000
6303.000000
6637.000000
6994.000000
6844.000000
6961.000000
7333.000000
7356.000000
8072.000000
6746.000000
6684.000000
6340.000000
6437.000000
6728.000000
6992.000000
7028.000000
7118.000000
7508.000000
8242.000000
6980.000000
6624.000000
6503.000000
6549.000000
6477.000000
6730.000000
6935.000000
7083.000000
7416.000000
8224.000000
6827.000000
7077.000000
6528.000000
6404.000000
6448.000000
6637.000000
6753.000000
6892.000000
7260.000000
8259.000000
7114.000000
6828.000000
6656.000000
6455.000000
6410.000000
6328.000000
6791.000000
7252.000000
7436.000000
8236.000000
7154.000000
7046.000000
8117.000000
6594.000000
6327.000000
6417.000000
6652.000000
7116.000000
7274.000000
8488.000000
7143.000000
6962.000000
6747.000000
6780.000000
7633.000000
6146.000000
6322.000000
6771.000000
7053.000000
8117.000000
7360.000000
7238.000000
6926.000000
6771.000000
6651.000000
6513.000000
6335.000000
6456.000000
7077.000000
8342.000000
7249.000000
7268.000000
7102.000000
6991.000000
6599.000000
6573.000000
6035.000000
6513.000000
6968.000000
8384.000000
7212.000000
7570.000000
7078.000000
7017.000000
7048.000000
6837.000000
6347.000000
6010.000000
6586.000000
8281.000000
7540.000000
7247.000000
7191.000000
7196.000000
6832.000000
6560.000000
6605.000000
6459.000000
6621.000000
7901.000000
