16083.000000
6626.000000
6475.000000
6703.000000
6531.000000
6711.000000
7311.000000
5578.000000
6204.000000
6289.000000
6279.000000
6488.000000
6622.000000
6673.000000
6680.000000
6621.000000
7714.000000
6080.000000
5990.000000
6190.000000
6330.000000
6391.000000
6503.000000
6536.000000
6830.000000
6849.000000
7517.000000
6109.000000
6288.000000
6471.000000
6400.000000
6664.000000
6574.000000
6575.000000
6552.000000
6701.000000
7852.000000
6189.000000
6233.000000
6167.000000
6168.000000
6344.000000
6663.000000
6686.000000
6463.000000
6756.000000
7622.000000
6230.000000
6388.000000
6243.000000
5628.000000
6044.000000
6291.000000
6617.000000
6391.000000
6582.000000
7791.000000
6538.000000
6443.000000
6670.000000
6220.000000
6263.000000
6436.000000
6556.000000
6406.000000
6568.000000
7759.000000
6429.000000
6670.000000
6182.000000
5997.000000
6108.000000
6421.000000
6331.000000
6189.000000
6741.000000
7756.000000
6519.000000
6357.000000
6452.000000
6247.000000
6045.000000
6402.000000
6371.000000
6675.000000
6599.000000
7639.000000
6411.000000
6496.000000
6783.000000
6469.000000
5850.000000
6100.000000
6267.000000
6350.000000
6492.000000
8013.000000
6660.000000
6543.000000
6450.000000
6437.000000
7391.000000
5426.000000
5997.000000
6502.000000
6244.000000
7565.000000
6460.000000
6585.000000
6487.000000
6464.000000
6307.000000
6163.000000
6079.000000
6014.000000
6179.000000
7770.000000
6555.000000
6452.000000
6665.000000
6470.000000
6218.000000
6153.000000
5925.000000
6217.000000
6382.000000
7635.000000
6412.000000
6932.000000
6591.000000
6376.000000
6212.000000
6371.000000
6041.000000
5977.000000
6204.000000
7881.000000
6618.000000
6559.000000
6775.000000
6563.000000
6728.000000
6238.000000
15523.000000
6071.000000
6167.000000
7551.000000
6445.000000
6636.000000
6723.000000
6436.000000
6476.000000
6518.000000
6373.000000
6235.000000
6127.000000
7829.000000
6745.000000
6568.000000
6817.000000
6513.000000
6439.000000
6323.000000
6280.000000
6405.000000
6186.000000
7253.000000
6508.000000
6910.000000
6481.000000
6587.000000
6477.000000
6518.000000
6523.000000
6386.000000
6419.000000
7438.000000
6614.000000
6385.000000
6676.000000
6666.000000
6562.000000
6362.000000
6237.000000
6717.000000
6450.000000
7332.000000
6502.000000
6853.000000
6686.000000
6582.000000
6754.000000
6648.000000
6326.000000
6427.000000
6509.000000
7340.000000
6551.000000
6503.000000
6600.000000
6494.000000
6577.000000
6518.000000
6536.000000
6471.000000
6575.000000
7551.000000
6516.000000
6619.000000
6668.000000
6776.000000
7436.000000
6862.000000
6429.000000
6375.000000
6466.000000
7851.000000
6477.000000
6392.000000
6638.000000
6712.000000
7592.000000
6812.000000
6627.000000
6774.000000
6715.000000
7421.000000
6410.000000
6632.000000
6530.000000
6688.000000
6659.000000
6632.000000
6729.000000
6584.000000
6422.000000
7533.000000
6508.000000
6406.000000
6402.000000
6643.000000
6612.000000
6577.000000
6526.000000
6864.000000
6612.000000
7259.000000
6395.000000
6772.000000
6515.000000
6385.000000
6463.000000
6858.000000
6709.000000
6320.000000
6765.000000
7492.000000
6197.000000
6318.000000
6531.000000
6481.000000
6573.000000
6622.000000
6695.000000
6768.000000
6681.000000
7268.000000
6239.000000
6240.000000
6532.000000
6468.000000
6523.000000
6694.000000
6672.000000
6374.000000
6609.000000
7454.000000
6210.000000
6342.000000
6331.000000
6489.000000
7348.000000
6563.000000
6356.000000
6591.000000
6468.000000
7630.000000
6023.000000
6194.000000
6120.000000
6473.000000
6436.000000
6512.000000
6573.000000
6395.000000
6602.000000
7409.000000
6036.000000
5249.000000
6226.000000
6551.000000
6335.000000
6861.000000
6608.000000
6723.000000
6744.000000
7413.000000
6077.000000
6397.000000
6104.000000
5856.000000
6201.000000
6529.000000
6479.000000
6656.000000
6690.000000
7732.000000
6219.000000
6173.000000
5998.000000
5956.000000
5950.000000
6301.000000
6845.000000
6530.000000
6520.000000
7432.000000
6533.000000
6493.000000
6179.000000
5882.000000
6015.000000
6158.000000
6087.000000
6403.000000
6745.000000
7675.000000
6370.000000
6432.000000
6444.000000
6267.000000
6909.000000
6118.000000
6195.000000
6603.000000
6578.000000
7512.000000
6398.000000
6725.000000
6434.000000
6044.000000
6126.000000
6142.000000
6296.000000
6239.000000
6420.000000
7637.000000
6640.000000
6393.000000
6611.000000
6448.000000
5917.000000
6030.000000
5950.000000
6366.000000
6309.000000
7520.000000
6714.000000
6978.000000
6396.000000
6439.000000
6362.000000
6396.000000
5161.000000
5935.000000
6465.000000
7920.000000
6420.000000
6296.000000
6418.000000
6430.000000
6288.000000
6393.000000
6277.000000
6074.000000
6189.000000
7583.000000
6450.000000
6440.000000
6448.000000
6619.000000
7429.000000
6571.000000
6164.000000
5846.000000
6169.000000
7645.000000
6652.000000
6445.000000
6466.000000
6503.000000
6337.000000
6499.000000
6330.000000
6248.000000
6237.000000
7315.000000
6612.000000
6212.000000
6535.000000
6638.000000
6437.000000
6712.000000
6445.000000
6233.000000
6264.000000
7844.000000
6442.000000
6601.000000
6474.000000
6683.000000
6537.000000
6558.000000
6349.000000
6397.000000
6184.000000
7531.000000
6384.000000
6800.000000
6480.000000
6272.000000
6722.000000
6637.000000
6391.000000
6466.000000
6348.000000
7831.000000
6622.000000
6560.000000
6719.000000
6642.000000
6489.000000
6459.000000
6676.000000
6623.000000
6403.000000
7445.000000
6733.000000
6782.000000
6550.000000
6567.000000
6508.000000
6613.000000
6508.000000
6375.000000
6359.000000
7861.000000
6279.000000
6393.000000
6652.000000
6679.000000
7480.000000
6447.000000
6500.000000
6823.000000
6708.000000
7474.000000
6674.000000
6722.000000
6438.000000
6479.000000
6387.000000
6692.000000
6438.000000
6568.000000
6465.000000
7596.000000
6637.000000
6247.000000
6547.000000
6624.000000
6798.000000
6470.000000
6458.000000
6654.000000
6429.000000
7491.000000
6463.000000
6803.000000
6555.000000
6623.000000
6573.000000
6932.000000
6401.000000
6434.000000
6590.000000
7682.000000
6458.000000
6519.000000
6281.000000
6532.000000
