16090.000000
6507.000000
6320.000000
6165.000000
6352.000000
6516.000000
6658.000000
6753.000000
7912.000000
6576.000000
6570.000000
6518.000000
6290.000000
6152.000000
6173.000000
6410.000000
6590.000000
6780.000000
7832.000000
6818.000000
6793.000000
6727.000000
6350.000000
6246.000000
15388.000000
6371.000000
6418.000000
6807.000000
7925.000000
7099.000000
6805.000000
6869.000000
6713.000000
6271.000000
6577.000000
5704.000000
6414.000000
6579.000000
7668.000000
6761.000000
6917.000000
6704.000000
6596.000000
6461.000000
6231.000000
6144.000000
6189.000000
6406.000000
7980.000000
6792.000000
6834.000000
6613.000000
6831.000000
6474.000000
6401.000000
6167.000000
5330.000000
6422.000000
7493.000000
7241.000000
6950.000000
6737.000000
6703.000000
6601.000000
6416.000000
6352.000000
6019.000000
6289.000000
7485.000000
6799.000000
6787.000000
6746.000000
6673.000000
6711.000000
6398.000000
6413.000000
6139.000000
6182.000000
7353.000000
6756.000000
6932.000000
6784.000000
6742.000000
6701.000000
6874.000000
6372.000000
6223.000000
6098.000000
7546.000000
7432.000000
6765.000000
6732.000000
6887.000000
6833.000000
7316.000000
6708.000000
6507.000000
6320.000000
7484.000000
6854.000000
7083.000000
6959.000000
6856.000000
6699.000000
6866.000000
6434.000000
6473.000000
6435.000000
7378.000000
6852.000000
7032.000000
6841.000000
7019.000000
12803.000000
6808.000000
6887.000000
6621.000000
6710.000000
7418.000000
6991.000000
7408.000000
7030.000000
6796.000000
6818.000000
6834.000000
6862.000000
6672.000000
6566.000000
7945.000000
6747.000000
7013.000000
6914.000000
6968.000000
6758.000000
6731.000000
6843.000000
6824.000000
6898.000000
7693.000000
6885.000000
7049.000000
6790.000000
7047.000000
6966.000000
8012.000000
6720.000000
6582.000000
6901.000000
7905.000000
6787.000000
6960.000000
6956.000000
7012.000000
6908.000000
6733.000000
6875.000000
7010.000000
7016.000000
8089.000000
6727.000000
7100.000000
6959.000000
6774.000000
6969.000000
7078.000000
6836.000000
6664.000000
6910.000000
8359.000000
6922.000000
6573.000000
6740.000000
7071.000000
7015.000000
6784.000000
6864.000000
6886.000000
6874.000000
7809.000000
7002.000000
6756.000000
6987.000000
6817.000000
6846.000000
7196.000000
7022.000000
6996.000000
6705.000000
8095.000000
6694.000000
6696.000000
6705.000000
6860.000000
7139.000000
6832.000000
7091.000000
6899.000000
6896.000000
7934.000000
6686.000000
6847.000000
6693.000000
6858.000000
6954.000000
7054.000000
6639.000000
6931.000000
7004.000000
7871.000000
6657.000000
6796.000000
6740.000000
6975.000000
6936.000000
8234.000000
7033.000000
6947.000000
7091.000000
7995.000000
6559.000000
6861.000000
6838.000000
6782.000000
6750.000000
7007.000000
6911.000000
6787.000000
7039.000000
7947.000000
6441.000000
6645.000000
6612.000000
6765.000000
6752.000000
6927.000000
6861.000000
6972.000000
6985.000000
7876.000000
6350.000000
6837.000000
6730.000000
6616.000000
6708.000000
7029.000000
7043.000000
6891.000000
6884.000000
8001.000000
5713.000000
6381.000000
6451.000000
6957.000000
6685.000000
6624.000000
6736.000000
7106.000000
7192.000000
7829.000000
6227.000000
6358.000000
6556.000000
6502.000000
6868.000000
6879.000000
6651.000000
6875.000000
6989.000000
8100.000000
6059.000000
5930.000000
6225.000000
6675.000000
6502.000000
6789.000000
6777.000000
6923.000000
6890.000000
7901.000000
6259.000000
6252.000000
6196.000000
6342.000000
6447.000000
6896.000000
6652.000000
6561.000000
6987.000000
8125.000000
6449.000000
6266.000000
6111.000000
6502.000000
6385.000000
6567.000000
6635.000000
6614.000000
6873.000000
7951.000000
6567.000000
6620.000000
5848.000000
5772.000000
6299.000000
6636.000000
6591.000000
6816.000000
6776.000000
8217.000000
6624.000000
6507.000000
6375.000000
6314.000000
6285.000000
6281.000000
6734.000000
6782.000000
6881.000000
8006.000000
6520.000000
6760.000000
6420.000000
6066.000000
6835.000000
6591.000000
6478.000000
6687.000000
6748.000000
7974.000000
6792.000000
6595.000000
6519.000000
6364.000000
7137.000000
6196.000000
6198.000000
6698.000000
6723.000000
7801.000000
6678.000000
6841.000000
6685.000000
6539.000000
6211.000000
6172.000000
6368.000000
6514.000000
6695.000000
8167.000000
6917.000000
6831.000000
6585.000000
6683.000000
6317.000000
6144.000000
5802.000000
6510.000000
6661.000000
7700.000000
6917.000000
7183.000000
6592.000000
6620.000000
6434.000000
6349.000000
6244.000000
6352.000000
6298.000000
7768.000000
6784.000000
6582.000000
6720.000000
6778.000000
6683.000000
6366.000000
6308.000000
6207.000000
6359.000000
7699.000000
6679.000000
6899.000000
6719.000000
6687.000000
6807.000000
15752.000000
6364.000000
6123.000000
6188.000000
7682.000000
6962.000000
6722.000000
6696.000000
6950.000000
7416.000000
6580.000000
6467.000000
6447.000000
6209.000000
7569.000000
6906.000000
7091.000000
6762.000000
6739.000000
6699.000000
6632.000000
6549.000000
6363.000000
6103.000000
6819.000000
6667.000000
7035.000000
6820.000000
6804.000000
6864.000000
6641.000000
6544.000000
6556.000000
6395.000000
7676.000000
7071.000000
7373.000000
6828.000000
6815.000000
6782.000000
6662.000000
6700.000000
6655.000000
6429.000000
7757.000000
6915.000000
6691.000000
6852.000000
6852.000000
6921.000000
6681.000000
6614.000000
6878.000000
6749.000000
7736.000000
6836.000000
6950.000000
6900.000000
6922.000000
6873.000000
6807.000000
6755.000000
6728.000000
6698.000000
7915.000000
6930.000000
6815.000000
6876.000000
7030.000000
7783.000000
6921.000000
7004.000000
6968.000000
6840.000000
7665.000000
6844.000000
7034.000000
6911.000000
6912.000000
6799.000000
6845.000000
6868.000000
6885.000000
7026.000000
7878.000000
6928.000000
7033.000000
6825.000000
6980.000000
6934.000000
7039.000000
6960.000000
7013.000000
7053.000000
7896.000000
6890.000000
7419.000000
6664.000000
7014.000000
6904.000000
7075.000000
6920.000000
6979.000000
6978.000000
7906.000000
6790.000000
6818.000000
6980.000000
7022.000000
6767.000000
6831.000000
6596.000000
6906.000000
7018.000000
7775.000000
6731.000000
6930.000000
