16626.000000
7233.000000
8207.000000
7251.000000
7243.000000
7128.000000
7181.000000
7374.000000
7392.000000
7417.000000
7387.000000
8140.000000
17121.000000
6954.000000
6958.000000
7277.000000
7185.000000
7127.000000
7175.000000
7655.000000
7413.000000
7290.000000
8068.000000
7002.000000
6929.000000
7061.000000
7144.000000
7244.000000
7270.000000
7549.000000
7447.000000
7412.000000
7944.000000
6575.000000
6827.000000
7130.000000
7127.000000
7160.000000
7183.000000
7689.000000
7337.000000
7213.000000
8049.000000
6706.000000
6689.000000
6884.000000
7075.000000
7328.000000
7322.000000
7361.000000
7010.000000
7415.000000
7880.000000
5864.000000
6658.000000
7388.000000
6910.000000
7155.000000
7113.000000
7779.000000
7665.000000
7266.000000
8053.000000
6507.000000
6538.000000
6713.000000
6852.000000
7274.000000
6996.000000
7465.000000
7278.000000
7408.000000
8136.000000
6209.000000
5365.000000
6747.000000
6836.000000
6936.000000
7149.000000
7401.000000
7226.000000
7017.000000
8125.000000
6882.000000
6771.000000
5911.000000
5501.000000
7100.000000
7126.000000
7791.000000
7339.000000
7203.000000
8262.000000
6845.000000
6556.000000
6419.000000
6574.000000
6884.000000
6925.000000
7298.000000
7155.000000
7153.000000
8161.000000
6951.000000
6747.000000
6429.000000
5892.000000
6841.000000
6973.000000
7038.000000
7163.000000
7424.000000
8091.000000
7012.000000
6912.000000
6688.000000
6283.000000
6377.000000
6607.000000
8184.000000
7607.000000
7897.000000
8183.000000
7057.000000
6317.000000
5500.000000
6652.000000
6829.000000
6944.000000
7236.000000
7219.000000
8368.000000
8226.000000
7172.000000
7015.000000
7066.000000
6644.000000
6348.000000
6423.000000
6915.000000
8478.000000
7048.000000
8103.000000
7260.000000
6856.000000
6619.000000
6632.000000
6524.000000
6637.000000
7108.000000
7172.000000
7164.000000
8245.000000
7189.000000
6884.000000
6763.000000
6473.000000
6399.000000
6459.000000
7009.000000
7041.000000
7106.000000
8187.000000
7471.000000
7076.000000
6866.000000
6749.000000
6493.000000
5783.000000
6738.000000
6902.000000
176291.000000
8056.000000
7192.000000
7107.000000
7136.000000
6583.000000
6563.000000
6868.000000
7323.000000
7295.000000
7139.000000
8148.000000
7118.000000
7701.000000
6852.000000
6575.000000
6448.000000
6199.000000
6094.000000
6815.000000
7077.000000
8077.000000
7482.000000
7222.000000
7259.000000
7133.000000
6931.000000
7021.000000
7105.000000
6630.000000
6379.000000
7769.000000
7438.000000
7301.000000
7303.000000
7264.000000
7162.000000
7035.000000
6911.000000
6331.000000
6736.000000
8076.000000
7290.000000
7322.000000
7425.000000
7128.000000
7287.000000
6922.000000
6986.000000
6681.000000
6374.000000
7929.000000
7484.000000
7277.000000
7244.000000
7212.000000
7287.000000
7110.000000
7189.000000
7070.000000
6902.000000
8000.000000
7308.000000
7332.000000
7407.000000
7143.000000
7236.000000
7123.000000
7386.000000
7298.000000
6721.000000
7960.000000
7431.000000
7321.000000
7201.000000
7368.000000
7299.000000
7092.000000
7866.000000
6984.000000
7835.000000
7911.000000
7332.000000
7602.000000
7464.000000
7345.000000
7266.000000
7472.000000
7590.000000
7226.000000
7102.000000
8036.000000
7321.000000
7280.000000
7250.000000
7191.000000
7344.000000
7216.000000
7395.000000
7236.000000
7127.000000
8206.000000
7090.000000
7267.000000
7531.000000
7421.000000
7288.000000
7407.000000
7571.000000
7387.000000
7198.000000
8278.000000
7278.000000
7280.000000
7273.000000
7263.000000
7497.000000
7460.000000
7489.000000
7432.000000
7259.000000
8121.000000
7087.000000
7414.000000
7345.000000
7198.000000
7317.000000
7269.000000
7764.000000
7590.000000
7954.000000
8293.000000
7277.000000
7017.000000
7184.000000
7320.000000
16616.000000
7312.000000
7460.000000
7215.000000
7459.000000
8233.000000
7114.000000
7786.000000
7308.000000
7100.000000
7407.000000
7450.000000
7871.000000
7478.000000
7272.000000
7980.000000
7252.000000
7202.000000
6953.000000
7228.000000
7390.000000
7288.000000
7600.000000
7476.000000
7317.000000
8147.000000
6990.000000
6938.000000
7180.000000
7440.000000
7280.000000
7334.000000
7586.000000
7347.000000
7360.000000
8140.000000
7019.000000
7139.000000
7146.000000
7080.000000
7337.000000
7350.000000
7569.000000
7450.000000
7416.000000
7785.000000
6529.000000
7052.000000
7264.000000
7127.000000
7051.000000
7300.000000
7705.000000
7627.000000
7321.000000
7733.000000
6403.000000
7029.000000
7118.000000
7173.000000
7188.000000
7165.000000
7353.000000
7326.000000
8675.000000
8000.000000
5950.000000
5613.000000
7063.000000
7120.000000
6945.000000
8129.000000
7653.000000
7422.000000
7274.000000
8040.000000
6541.000000
5649.000000
6867.000000
6910.000000
7139.000000
7032.000000
7435.000000
7354.000000
7473.000000
8267.000000
6755.000000
6319.000000
6596.000000
6868.000000
6941.000000
7073.000000
7576.000000
7389.000000
7283.000000
8325.000000
6665.000000
6432.000000
6780.000000
6922.000000
7192.000000
7071.000000
7508.000000
7406.000000
7297.000000
8240.000000
6708.000000
6543.000000
6412.000000
6510.000000
6660.000000
6951.000000
7601.000000
7657.000000
7303.000000
8259.000000
6759.000000
6448.000000
6404.000000
6811.000000
7154.000000
7069.000000
7174.000000
7270.000000
7398.000000
8295.000000
6990.000000
6847.000000
6844.000000
6352.000000
5995.000000
7145.000000
7387.000000
7229.000000
7199.000000
8191.000000
6994.000000
6662.000000
6439.000000
5605.000000
6834.000000
6860.000000
7206.000000
7070.000000
7328.000000
8284.000000
7154.000000
7059.000000
7032.000000
6925.000000
6623.000000
6449.000000
7337.000000
7055.000000
7142.000000
8401.000000
7377.000000
7082.000000
7109.000000
6961.000000
6749.000000
6552.000000
5976.000000
6686.000000
7061.000000
8112.000000
7265.000000
7222.000000
7097.000000
6911.000000
6676.000000
6589.000000
8510.000000
7189.000000
7660.000000
8418.000000
7588.000000
7272.000000
7095.000000
7155.000000
7212.000000
6684.000000
6545.000000
5566.000000
7886.000000
8108.000000
7217.000000
7285.000000
7222.000000
7024.000000
7030.000000
6941.000000
6879.000000
6518.000000
