9515.000000
5948.000000
5838.000000
6365.000000
6642.000000
7519.000000
6858.000000
6536.000000
6398.000000
6417.000000
6336.000000
6019.000000
6006.000000
6542.000000
6453.000000
7458.000000
6700.000000
6695.000000
6764.000000
6465.000000
6464.000000
6172.000000
6318.000000
6438.000000
6401.000000
7520.000000
6948.000000
6819.000000
6617.000000
6865.000000
6464.000000
6252.000000
6302.000000
5511.000000
7026.000000
7467.000000
6919.000000
6786.000000
6907.000000
6568.000000
6492.000000
6687.000000
6534.000000
6676.000000
6122.000000
7315.000000
6831.000000
6764.000000
6843.000000
6661.000000
6879.000000
6501.000000
6297.000000
6485.000000
6227.000000
7270.000000
6834.000000
6809.000000
6938.000000
7065.000000
6554.000000
6495.000000
6476.000000
6528.000000
6080.000000
7025.000000
7040.000000
6792.000000
6799.000000
6667.000000
6930.000000
6620.000000
6577.000000
6904.000000
6405.000000
7180.000000
6736.000000
6886.000000
6918.000000
6813.000000
6667.000000
6515.000000
6599.000000
6690.000000
6545.000000
7390.000000
7184.000000
6948.000000
6781.000000
7140.000000
6867.000000
6530.000000
6623.000000
6855.000000
7203.000000
7373.000000
6858.000000
6826.000000
7034.000000
6987.000000
6739.000000
6808.000000
6915.000000
6827.000000
6600.000000
7407.000000
6869.000000
6918.000000
6861.000000
6947.000000
6930.000000
6716.000000
6725.000000
6994.000000
6622.000000
7564.000000
6832.000000
6836.000000
7043.000000
6856.000000
6851.000000
6692.000000
6908.000000
7144.000000
6469.000000
7645.000000
6867.000000
6753.000000
6860.000000
6843.000000
6976.000000
6945.000000
6952.000000
7187.000000
6919.000000
7660.000000
6720.000000
6936.000000
6889.000000
6731.000000
6900.000000
6821.000000
6887.000000
7079.000000
7619.000000
16475.000000
6979.000000
6739.000000
6749.000000
6759.000000
7047.000000
6812.000000
6830.000000
7045.000000
7487.000000
7566.000000
6529.000000
6592.000000
6750.000000
6655.000000
6787.000000
7046.000000
6961.000000
7099.000000
6884.000000
7619.000000
6665.000000
6682.000000
6775.000000
6825.000000
6828.000000
6805.000000
6832.000000
7130.000000
6863.000000
7588.000000
6274.000000
6540.000000
6813.000000
6800.000000
6787.000000
6805.000000
6805.000000
6999.000000
6703.000000
7665.000000
6397.000000
6509.000000
6591.000000
6658.000000
6889.000000
6778.000000
6887.000000
7156.000000
7033.000000
7672.000000
6112.000000
6188.000000
6553.000000
6606.000000
6821.000000
6635.000000
6958.000000
7298.000000
7123.000000
7670.000000
6290.000000
6303.000000
6459.000000
6442.000000
6614.000000
6584.000000
6810.000000
7124.000000
7988.000000
7632.000000
5867.000000
5729.000000
6246.000000
6375.000000
6547.000000
6551.000000
6885.000000
7137.000000
6768.000000
7739.000000
6259.000000
6241.000000
6334.000000
6179.000000
6620.000000
6664.000000
6473.000000
7145.000000
6722.000000
7514.000000
6326.000000
6159.000000
6301.000000
6251.000000
6410.000000
6699.000000
6857.000000
7153.000000
6813.000000
7842.000000
6383.000000
6116.000000
5427.000000
5879.000000
6271.000000
6448.000000
6531.000000
6985.000000
6990.000000
7713.000000
6352.000000
6332.000000
6268.000000
6134.000000
6057.000000
6377.000000
6624.000000
6763.000000
6769.000000
7637.000000
6734.000000
6342.000000
6423.000000
6248.000000
6202.000000
6228.000000
6500.000000
6910.000000
7434.000000
7754.000000
6669.000000
6601.000000
6560.000000
6161.000000
5090.000000
5906.000000
6318.000000
6713.000000
6483.000000
7694.000000
6928.000000
6617.000000
6452.000000
6360.000000
6260.000000
6063.000000
6114.000000
6861.000000
7520.000000
7854.000000
6744.000000
6808.000000
6717.000000
6445.000000
6623.000000
6202.000000
6318.000000
6474.000000
6354.000000
7474.000000
6671.000000
6752.000000
6659.000000
6564.000000
6383.000000
6178.000000
5665.000000
6020.000000
6433.000000
7742.000000
6619.000000
7035.000000
6705.000000
6591.000000
6491.000000
6205.000000
6336.000000
6430.000000
6180.000000
7534.000000
6833.000000
6742.000000
6750.000000
6622.000000
6782.000000
6513.000000
7755.000000
6346.000000
6840.000000
7670.000000
6898.000000
7202.000000
7072.000000
6721.000000
6592.000000
6665.000000
6527.000000
7282.000000
5681.000000
7095.000000
6852.000000
6734.000000
7081.000000
6816.000000
6827.000000
6561.000000
6513.000000
6765.000000
6375.000000
7383.000000
6888.000000
6976.000000
6964.000000
6920.000000
6792.000000
6859.000000
6593.000000
6473.000000
6274.000000
7426.000000
7075.000000
6795.000000
6882.000000
6802.000000
6939.000000
6740.000000
6638.000000
6747.000000
6329.000000
7509.000000
16025.000000
7220.000000
6975.000000
6696.000000
6783.000000
6626.000000
6674.000000
6839.000000
6620.000000
7306.000000
7044.000000
6904.000000
6953.000000
7019.000000
6994.000000
6649.000000
6645.000000
6925.000000
7757.000000
7724.000000
6864.000000
6784.000000
6926.000000
6881.000000
6832.000000
6948.000000
6930.000000
7007.000000
6600.000000
7565.000000
7024.000000
6878.000000
6810.000000
6870.000000
7003.000000
6779.000000
6819.000000
6976.000000
6803.000000
7503.000000
6689.000000
6859.000000
7060.000000
7004.000000
6896.000000
7056.000000
6923.000000
7108.000000
6796.000000
7413.000000
6954.000000
6765.000000
6866.000000
6778.000000
6941.000000
6907.000000
6908.000000
7222.000000
6892.000000
7403.000000
6708.000000
6826.000000
6988.000000
15823.000000
6854.000000
6887.000000
7108.000000
7395.000000
6983.000000
7537.000000
6886.000000
6674.000000
6703.000000
6830.000000
6989.000000
6804.000000
6940.000000
7156.000000
7644.000000
7628.000000
6582.000000
6806.000000
7020.000000
6767.000000
6693.000000
6858.000000
7037.000000
7180.000000
6834.000000
7620.000000
6597.000000
6589.000000
6748.000000
6829.000000
6771.000000
6862.000000
6809.000000
7256.000000
6959.000000
7578.000000
6293.000000
6364.000000
6654.000000
6749.000000
6605.000000
6910.000000
6873.000000
7144.000000
6909.000000
7515.000000
6256.000000
6340.000000
6573.000000
6549.000000
6699.000000
6670.000000
6623.000000
7174.000000
6903.000000
7185.000000
5685.000000
6484.000000
6424.000000
6564.000000
6526.000000
