17687.000000
7741.000000
8295.000000
7421.000000
7425.000000
7763.000000
7642.000000
7763.000000
7883.000000
7717.000000
8040.000000
7748.000000
8730.000000
7292.000000
7414.000000
7558.000000
7773.000000
7739.000000
7765.000000
7795.000000
8330.000000
7883.000000
8785.000000
7067.000000
7485.000000
7522.000000
7719.000000
7621.000000
7972.000000
8139.000000
8099.000000
7698.000000
9162.000000
6793.000000
6956.000000
7273.000000
7551.000000
7636.000000
7687.000000
7761.000000
8241.000000
7834.000000
8830.000000
6874.000000
6802.000000
7115.000000
7243.000000
7624.000000
7680.000000
7608.000000
8125.000000
8532.000000
8806.000000
7072.000000
6713.000000
6877.000000
7300.000000
7462.000000
7670.000000
8148.000000
8306.000000
7890.000000
8764.000000
7379.000000
6426.000000
6424.000000
7620.000000
7709.000000
7713.000000
7510.000000
8072.000000
7742.000000
8796.000000
7376.000000
6828.000000
6853.000000
7025.000000
7095.000000
7481.000000
7472.000000
8056.000000
7644.000000
8795.000000
7629.000000
7344.000000
6782.000000
6628.000000
6875.000000
7475.000000
8009.000000
8179.000000
7845.000000
9046.000000
7733.000000
7312.000000
7114.000000
6816.000000
6818.000000
7096.000000
7487.000000
7967.000000
8531.000000
8902.000000
7721.000000
7481.000000
7236.000000
6708.000000
6718.000000
7044.000000
7346.000000
7886.000000
8393.000000
8872.000000
7868.000000
7623.000000
7344.000000
7075.000000
6557.000000
6443.000000
6980.000000
7831.000000
7538.000000
8545.000000
7819.000000
7682.000000
7683.000000
7202.000000
6763.000000
6832.000000
6826.000000
7590.000000
16887.000000
8905.000000
7669.000000
7777.000000
7548.000000
7370.000000
7080.000000
6528.000000
6443.000000
7322.000000
7321.000000
8825.000000
7678.000000
7768.000000
7652.000000
7449.000000
7145.000000
7027.000000
6771.000000
6999.000000
7069.000000
8590.000000
7821.000000
7736.000000
7701.000000
7716.000000
7530.000000
7207.000000
6808.000000
6987.000000
7178.000000
9310.000000
7675.000000
7883.000000
7554.000000
7614.000000
7818.000000
7512.000000
7034.000000
6544.000000
7235.000000
8316.000000
7752.000000
7719.000000
7665.000000
7727.000000
7608.000000
7534.000000
7421.000000
7401.000000
6765.000000
8132.000000
9163.000000
7809.000000
7682.000000
7614.000000
7579.000000
7512.000000
7453.000000
7333.000000
6625.000000
7560.000000
7678.000000
7801.000000
7706.000000
7771.000000
7787.000000
7600.000000
7553.000000
7665.000000
6782.000000
7755.000000
7816.000000
7857.000000
7732.000000
7740.000000
7751.000000
7730.000000
7561.000000
7642.000000
7073.000000
7552.000000
7609.000000
7847.000000
7873.000000
7962.000000
7779.000000
7706.000000
7668.000000
7967.000000
7612.000000
7931.000000
7814.000000
7941.000000
7752.000000
7789.000000
7916.000000
7809.000000
7730.000000
7923.000000
8048.000000
8269.000000
7928.000000
7934.000000
7611.000000
7854.000000
7710.000000
7871.000000
7750.000000
7777.000000
7515.000000
8458.000000
7714.000000
7899.000000
8010.000000
7855.000000
7842.000000
7863.000000
7649.000000
7937.000000
7796.000000
8570.000000
7801.000000
7798.000000
7897.000000
7892.000000
7896.000000
7760.000000
7746.000000
7904.000000
7546.000000
8463.000000
7692.000000
7738.000000
7781.000000
7861.000000
7720.000000
7818.000000
7789.000000
7921.000000
7597.000000
8658.000000
7691.000000
7759.000000
7769.000000
7872.000000
7756.000000
7813.000000
7820.000000
8260.000000
8593.000000
8586.000000
7649.000000
7807.000000
7771.000000
7715.000000
7829.000000
7923.000000
7828.000000
7990.000000
8465.000000
8786.000000
7666.000000
7890.000000
7786.000000
7918.000000
7734.000000
7868.000000
7996.000000
8224.000000
7649.000000
8525.000000
7659.000000
7768.000000
7723.000000
7706.000000
7771.000000
7826.000000
7918.000000
7966.000000
7934.000000
8738.000000
7452.000000
7607.000000
7818.000000
7756.000000
7851.000000
7811.000000
7760.000000
8184.000000
7830.000000
8640.000000
7347.000000
7745.000000
7658.000000
7719.000000
7703.000000
7945.000000
7834.000000
8096.000000
7877.000000
8989.000000
7227.000000
7462.000000
7649.000000
7913.000000
7679.000000
7849.000000
7954.000000
8170.000000
8050.000000
8745.000000
6832.000000
7417.000000
7485.000000
7727.000000
7663.000000
7842.000000
7704.000000
8121.000000
8680.000000
8718.000000
6535.000000
7009.000000
7449.000000
7722.000000
7593.000000
7732.000000
7822.000000
8114.000000
7729.000000
8750.000000
6590.000000
6975.000000
7110.000000
7605.000000
7642.000000
7947.000000
7715.000000
8037.000000
7870.000000
8899.000000
6696.000000
6677.000000
7010.000000
7482.000000
7756.000000
7603.000000
7751.000000
8192.000000
7805.000000
8789.000000
6757.000000
6835.000000
6509.000000
7110.000000
7530.000000
7890.000000
7642.000000
7993.000000
7745.000000
8980.000000
7075.000000
6842.000000
6569.000000
7169.000000
7491.000000
7443.000000
7774.000000
8122.000000
8121.000000
8927.000000
7467.000000
7168.000000
6322.000000
6317.000000
7246.000000
7600.000000
7704.000000
7831.000000
8367.000000
9021.000000
7482.000000
7158.000000
6956.000000
6695.000000
6718.000000
7295.000000
7590.000000
8129.000000
7686.000000
8935.000000
8222.000000
7579.000000
6970.000000
6569.000000
6303.000000
7429.000000
7367.000000
7959.000000
7702.000000
9006.000000
7440.000000
7582.000000
7067.000000
7102.000000
6800.000000
6860.000000
6979.000000
7872.000000
7776.000000
8819.000000
7723.000000
7736.000000
7419.000000
6848.000000
6716.000000
6772.000000
7031.000000
7676.000000
7617.000000
8770.000000
7690.000000
7701.000000
7681.000000
7428.000000
7115.000000
6353.000000
6430.000000
7604.000000
8333.000000
8770.000000
7661.000000
7783.000000
7739.000000
7561.000000
7130.000000
7068.000000
6550.000000
16644.000000
7933.000000
8865.000000
7786.000000
7719.000000
7549.000000
7536.000000
7044.000000
7050.000000
6342.000000
6763.000000
7160.000000
8692.000000
7716.000000
7909.000000
7702.000000
7542.000000
7675.000000
7226.000000
6910.000000
7006.000000
6822.000000
8432.000000
7748.000000
7647.000000
7722.000000
7788.000000
7618.000000
7224.000000
7132.000000
7234.000000
