4319540.000000
10083.000000
6546.000000
6564.000000
6317.000000
7157.000000
5937.000000
6237.000000
5259.000000
5594.000000
6768.000000
6682.000000
5898.000000
6311.000000
6181.000000
6528.000000
6261.000000
6493.000000
6478.000000
6807.000000
6230.000000
5733.000000
5862.000000
6407.000000
6285.000000
6425.000000
6333.000000
6445.000000
6814.000000
6947.000000
7015.000000
5711.000000
5476.000000
6083.000000
6136.000000
6635.000000
6202.000000
6449.000000
6470.000000
6567.000000
7036.000000
5854.000000
5796.000000
5955.000000
6270.000000
6219.000000
6403.000000
6472.000000
6695.000000
6318.000000
7235.000000
6062.000000
6051.000000
5911.000000
6034.000000
6291.000000
6303.000000
6341.000000
6340.000000
6905.000000
7138.000000
6062.000000
6015.000000
5548.000000
5554.000000
6035.000000
6156.000000
6328.000000
6885.000000
6430.000000
7202.000000
6133.000000
6311.000000
5936.000000
5926.000000
6148.000000
5941.000000
6212.000000
6488.000000
6681.000000
7172.000000
6187.000000
5965.000000
6362.000000
5881.000000
7211.000000
5918.000000
6003.000000
6372.000000
6676.000000
7412.000000
6369.000000
6090.000000
6033.000000
6066.000000
5298.000000
5513.000000
6001.000000
6528.000000
6360.000000
7222.000000
6244.000000
6301.000000
6328.000000
6086.000000
5821.000000
5918.000000
5824.000000
6216.000000
6200.000000
7072.000000
6517.000000
6462.000000
6490.000000
6246.000000
6289.000000
5888.000000
6095.000000
6111.000000
6277.000000
7169.000000
6385.000000
6411.000000
6365.000000
6277.000000
6989.000000
6026.000000
6061.000000
6146.000000
6082.000000
7275.000000
6815.000000
6214.000000
6321.000000
6254.000000
7142.000000
6026.000000
6115.000000
6171.000000
6150.000000
7179.000000
8122.000000
6301.000000
6717.000000
6295.000000
6265.000000
6093.000000
6194.000000
6179.000000
6051.000000
7334.000000
6485.000000
6389.000000
6463.000000
6264.000000
6422.000000
6164.000000
6190.000000
6201.000000
5965.000000
7530.000000
6492.000000
6348.000000
6558.000000
6517.000000
6490.000000
6198.000000
6359.000000
6431.000000
5954.000000
7324.000000
6571.000000
6754.000000
6532.000000
6479.000000
6556.000000
6082.000000
6129.000000
6409.000000
6317.000000
7184.000000
6427.000000
6345.000000
6568.000000
6540.000000
6462.000000
6230.000000
6522.000000
6506.000000
6109.000000
7178.000000
6605.000000
6484.000000
6458.000000
6593.000000
7588.000000
6349.000000
6381.000000
6532.000000
6276.000000
7313.000000
6528.000000
6439.000000
6667.000000
6467.000000
7093.000000
6611.000000
6456.000000
6522.000000
6459.000000
7314.000000
6542.000000
6505.000000
6543.000000
6666.000000
6716.000000
6411.000000
6475.000000
6489.000000
6669.000000
7101.000000
6397.000000
6358.000000
6561.000000
6433.000000
6436.000000
6466.000000
6771.000000
6735.000000
6335.000000
7389.000000
6244.000000
6419.000000
6637.000000
6441.000000
6570.000000
6571.000000
6388.000000
6705.000000
6584.000000
7299.000000
6216.000000
6220.000000
6587.000000
6521.000000
6583.000000
6310.000000
6488.000000
6682.000000
6468.000000
7130.000000
6536.000000
6178.000000
6378.000000
6321.000000
7225.000000
6537.000000
6459.000000
6625.000000
6605.000000
7055.000000
5949.000000
6201.000000
6642.000000
7372.000000
7455.000000
6348.000000
6679.000000
6800.000000
6731.000000
7034.000000
6176.000000
6321.000000
6284.000000
6306.000000
6530.000000
6237.000000
6401.000000
6694.000000
6638.000000
6852.000000
6222.000000
6101.000000
6213.000000
6173.000000
6149.000000
6316.000000
6688.000000
6686.000000
6602.000000
6900.000000
6284.000000
6235.000000
6075.000000
6273.000000
6222.000000
6368.000000
6554.000000
6517.000000
6919.000000
6190.000000
5359.000000
5993.000000
6120.000000
6365.000000
6301.000000
6221.000000
6403.000000
6480.000000
6481.000000
7028.000000
5886.000000
5294.000000
5807.000000
5965.000000
6301.000000
6221.000000
6605.000000
6565.000000
6394.000000
6955.000000
5806.000000
5909.000000
6219.000000
6195.000000
6980.000000
6053.000000
6448.000000
6686.000000
6413.000000
7244.000000
5938.000000
5743.000000
5957.000000
5811.000000
6229.000000
6035.000000
5954.000000
6645.000000
6462.000000
7323.000000
6173.000000
5954.000000
6116.000000
5942.000000
5843.000000
5981.000000
5969.000000
6506.000000
6417.000000
7190.000000
6176.000000
6134.000000
5800.000000
5980.000000
6078.000000
6085.000000
5877.000000
6124.000000
6586.000000
7307.000000
6189.000000
6088.000000
6014.000000
6001.000000
5803.000000
5482.000000
6246.000000
6165.000000
6179.000000
7302.000000
6573.000000
6176.000000
6056.000000
5943.000000
6747.000000
5264.000000
5542.000000
6076.000000
6194.000000
7275.000000
6518.000000
6248.000000
6435.000000
6057.000000
6681.000000
6068.000000
6037.000000
5708.000000
6058.000000
7236.000000
6470.000000
6245.000000
6308.000000
6905.000000
6418.000000
6012.000000
6005.000000
6025.000000
6210.000000
7391.000000
6292.000000
6450.000000
6360.000000
6433.000000
6172.000000
6025.000000
6342.000000
6112.000000
5998.000000
7285.000000
6518.000000
6503.000000
6261.000000
6327.000000
6274.000000
6072.000000
6177.000000
6185.000000
5468.000000
7390.000000
6435.000000
15717.000000
6345.000000
6398.000000
6280.000000
6262.000000
6217.000000
6203.000000
5943.000000
7416.000000
6530.000000
6328.000000
6505.000000
6322.000000
6630.000000
6324.000000
6188.000000
6279.000000
6180.000000
7352.000000
6477.000000
6523.000000
6772.000000
6502.000000
7471.000000
6165.000000
6332.000000
6459.000000
6090.000000
7307.000000
6542.000000
6513.000000
6464.000000
6439.000000
6522.000000
6200.000000
6221.000000
6385.000000
7098.000000
6662.000000
6473.000000
6452.000000
6634.000000
6350.000000
6315.000000
6344.000000
6362.000000
6777.000000
7073.000000
6504.000000
6710.000000
6643.000000
6672.000000
6349.000000
6595.000000
6436.000000
6242.000000
6559.000000
7055.000000
6384.000000
6454.000000
6594.000000
6573.000000
6437.000000
6544.000000
6508.000000
6548.000000
6604.000000
7205.000000
6568.000000
6542.000000
6286.000000
6314.000000
6397.000000
6485.000000
6460.000000
6541.000000
6638.000000
7250.000000
6499.000000
