12167.000000
5823.000000
6853.000000
7578.000000
6157.000000
5983.000000
7517.000000
6552.000000
6663.000000
6380.000000
6442.000000
6939.000000
6242.000000
6052.000000
6365.000000
6619.000000
7779.000000
6814.000000
6647.000000
6634.000000
6757.000000
6271.000000
6297.000000
6291.000000
6412.000000
6468.000000
7313.000000
6636.000000
6905.000000
6978.000000
6624.000000
6608.000000
6375.000000
6273.000000
6335.000000
6146.000000
7432.000000
6700.000000
6876.000000
6700.000000
6821.000000
7616.000000
7263.000000
6243.000000
6483.000000
6084.000000
7458.000000
6941.000000
6820.000000
6661.000000
6477.000000
6289.000000
6320.000000
6254.000000
6342.000000
6186.000000
7720.000000
6560.000000
6725.000000
7030.000000
6759.000000
7398.000000
6644.000000
6520.000000
6754.000000
6414.000000
7565.000000
6572.000000
7086.000000
6662.000000
6650.000000
6825.000000
6964.000000
6650.000000
6870.000000
6622.000000
7693.000000
6688.000000
6553.000000
6656.000000
6747.000000
6587.000000
6554.000000
6508.000000
6749.000000
6565.000000
7396.000000
6671.000000
6917.000000
7179.000000
6749.000000
6769.000000
6626.000000
6702.000000
6709.000000
6671.000000
7560.000000
6625.000000
6635.000000
8487.000000
6786.000000
6682.000000
6493.000000
6588.000000
6730.000000
6580.000000
7417.000000
7437.000000
6855.000000
6967.000000
6525.000000
6742.000000
7145.000000
6717.000000
6730.000000
6522.000000
7778.000000
6604.000000
6643.000000
6820.000000
6671.000000
7734.000000
6694.000000
6753.000000
6834.000000
6881.000000
7539.000000
6634.000000
6957.000000
6622.000000
6671.000000
6677.000000
6744.000000
6652.000000
6765.000000
6519.000000
16943.000000
6831.000000
6540.000000
6719.000000
6922.000000
6604.000000
6838.000000
6823.000000
6855.000000
6707.000000
7438.000000
6556.000000
6923.000000
6853.000000
6676.000000
6781.000000
6864.000000
6791.000000
6807.000000
6718.000000
7256.000000
6585.000000
6784.000000
6631.000000
6699.000000
6825.000000
6801.000000
6431.000000
7077.000000
6744.000000
7706.000000
6424.000000
6826.000000
6467.000000
6603.000000
8125.000000
7024.000000
6764.000000
6819.000000
6757.000000
7540.000000
6350.000000
6620.000000
6428.000000
6621.000000
6627.000000
6609.000000
6603.000000
6843.000000
6878.000000
7480.000000
6121.000000
6449.000000
6219.000000
6352.000000
6584.000000
6845.000000
6738.000000
6940.000000
6674.000000
8372.000000
5914.000000
6351.000000
6361.000000
6697.000000
6893.000000
6623.000000
6893.000000
7028.000000
6712.000000
7202.000000
6100.000000
6501.000000
6167.000000
6129.000000
6445.000000
6780.000000
6505.000000
6723.000000
6627.000000
7412.000000
6161.000000
6223.000000
6105.000000
6441.000000
6400.000000
6391.000000
6424.000000
7052.000000
6440.000000
7293.000000
6174.000000
6102.000000
5520.000000
6143.000000
6373.000000
6406.000000
6721.000000
6817.000000
6918.000000
8239.000000
6354.000000
6107.000000
6040.000000
6107.000000
7614.000000
6397.000000
6497.000000
7002.000000
6734.000000
7128.000000
6262.000000
6346.000000
6062.000000
5994.000000
7729.000000
6391.000000
6516.000000
6788.000000
6660.000000
7686.000000
6488.000000
6472.000000
6217.000000
6295.000000
6067.000000
6067.000000
6381.000000
6784.000000
6498.000000
7423.000000
6609.000000
6915.000000
6481.000000
6282.000000
5574.000000
5944.000000
6233.000000
6700.000000
6638.000000
7478.000000
6548.000000
6699.000000
6570.000000
6552.000000
6210.000000
5865.000000
6291.000000
6551.000000
6273.000000
7346.000000
6623.000000
6782.000000
6202.000000
6314.000000
6375.000000
6309.000000
6273.000000
6359.000000
6398.000000
7732.000000
6681.000000
6696.000000
6646.000000
7370.000000
6276.000000
6206.000000
5644.000000
6129.000000
6524.000000
7279.000000
6733.000000
6726.000000
6459.000000
6481.000000
6561.000000
6254.000000
6085.000000
6185.000000
5556.000000
7598.000000
6728.000000
6739.000000
6607.000000
6662.000000
6487.000000
6346.000000
6468.000000
6441.000000
5995.000000
7385.000000
6679.000000
7122.000000
6580.000000
6457.000000
6568.000000
6516.000000
6119.000000
6428.000000
6092.000000
7476.000000
6651.000000
6523.000000
6612.000000
6833.000000
6600.000000
6245.000000
6349.000000
6505.000000
6078.000000
7471.000000
6800.000000
6869.000000
6724.000000
6691.000000
7450.000000
6696.000000
6451.000000
6495.000000
6044.000000
7652.000000
6690.000000
6886.000000
6715.000000
6739.000000
7462.000000
6565.000000
6513.000000
7353.000000
6211.000000
7462.000000
6904.000000
6953.000000
6964.000000
6577.000000
6704.000000
6644.000000
6448.000000
6518.000000
6411.000000
7558.000000
6702.000000
6709.000000
6644.000000
6769.000000
6682.000000
6527.000000
6619.000000
6705.000000
6305.000000
7291.000000
6626.000000
6999.000000
6704.000000
6665.000000
6614.000000
6595.000000
6532.000000
6694.000000
6462.000000
7588.000000
6714.000000
6659.000000
6629.000000
6906.000000
6779.000000
6634.000000
6545.000000
6926.000000
6500.000000
7422.000000
6525.000000
6693.000000
6755.000000
6854.000000
6825.000000
6699.000000
6886.000000
6940.000000
6716.000000
7647.000000
6495.000000
6633.000000
6788.000000
6783.000000
7413.000000
6457.000000
6667.000000
6907.000000
6422.000000
7499.000000
6847.000000
8005.000000
6760.000000
6892.000000
6909.000000
6888.000000
6693.000000
7292.000000
6814.000000
7772.000000
6801.000000
6597.000000
6774.000000
6908.000000
6814.000000
6624.000000
6769.000000
7178.000000
6738.000000
7418.000000
6481.000000
6874.000000
6595.000000
6621.000000
6605.000000
6805.000000
6499.000000
6895.000000
6842.000000
7680.000000
6473.000000
6395.000000
6716.000000
6694.000000
6892.000000
6581.000000
6524.000000
6856.000000
6791.000000
7411.000000
6427.000000
6526.000000
6568.000000
6591.000000
6388.000000
6736.000000
6726.000000
6937.000000
6665.000000
7535.000000
6096.000000
6364.000000
6630.000000
6484.000000
7384.000000
6826.000000
6622.000000
7014.000000
6828.000000
7290.000000
6046.000000
6511.000000
6343.000000
6411.000000
6766.000000
6530.000000
7359.000000
6792.000000
6803.000000
7295.000000
5820.000000
6460.000000
6451.000000
6688.000000
