15149.000000
6204.000000
5954.000000
5918.000000
5754.000000
5954.000000
6139.000000
5722.000000
6651.000000
5990.000000
5999.000000
5986.000000
5864.000000
5985.000000
5887.000000
5824.000000
6048.000000
6016.000000
6678.000000
6002.000000
6109.000000
5936.000000
6205.000000
5988.000000
5893.000000
6073.000000
6159.000000
5880.000000
6795.000000
8352.000000
6196.000000
6059.000000
6069.000000
6152.000000
5990.000000
6087.000000
6276.000000
6850.000000
5802.000000
6010.000000
5988.000000
6283.000000
6129.000000
5923.000000
6185.000000
5918.000000
6128.000000
6765.000000
5777.000000
6125.000000
5895.000000
5931.000000
5835.000000
6181.000000
6262.000000
6013.000000
6010.000000
6695.000000
5940.000000
6230.000000
5879.000000
6105.000000
6023.000000
6085.000000
6115.000000
6312.000000
6071.000000
6856.000000
5835.000000
5891.000000
6021.000000
5945.000000
5930.000000
5964.000000
6160.000000
5848.000000
6204.000000
7133.000000
5693.000000
5914.000000
5940.000000
6263.000000
5950.000000
6066.000000
6042.000000
6162.000000
6355.000000
6853.000000
5676.000000
6443.000000
5820.000000
5766.000000
5906.000000
6834.000000
5776.000000
6274.000000
6288.000000
6909.000000
5647.000000
5828.000000
5759.000000
6026.000000
5956.000000
6759.000000
6009.000000
6043.000000
6201.000000
6879.000000
5666.000000
5799.000000
5667.000000
5779.000000
5790.000000
6337.000000
5881.000000
5824.000000
6245.000000
6832.000000
5122.000000
5206.000000
5822.000000
5978.000000
6040.000000
5930.000000
6035.000000
6193.000000
6339.000000
6910.000000
5617.000000
5937.000000
5676.000000
5957.000000
5838.000000
5961.000000
5916.000000
5870.000000
6007.000000
7064.000000
5686.000000
5551.000000
5555.000000
5890.000000
5755.000000
5940.000000
5917.000000
5848.000000
6156.000000
6845.000000
5852.000000
5724.000000
5738.000000
5516.000000
5815.000000
5828.000000
5593.000000
6074.000000
6299.000000
6999.000000
6007.000000
5738.000000
5453.000000
5610.000000
5063.000000
6491.000000
5811.000000
5863.000000
6281.000000
7131.000000
5799.000000
6031.000000
5665.000000
15057.000000
5896.000000
5750.000000
5783.000000
5661.000000
6037.000000
6923.000000
5919.000000
5813.000000
5652.000000
5607.000000
5626.000000
5716.000000
5587.000000
6088.000000
6171.000000
6818.000000
5942.000000
6176.000000
5843.000000
5828.000000
5739.000000
5329.000000
5185.000000
5802.000000
5872.000000
7143.000000
5849.000000
5900.000000
5678.000000
6013.000000
5732.000000
5793.000000
5668.000000
5722.000000
5849.000000
6827.000000
5971.000000
6126.000000
5677.000000
5585.000000
5711.000000
5756.000000
5731.000000
5815.000000
5865.000000
6924.000000
5806.000000
5631.000000
5890.000000
6123.000000
6584.000000
6692.000000
5588.000000
5592.000000
5428.000000
7053.000000
5880.000000
5915.000000
5867.000000
5971.000000
5865.000000
6056.000000
5398.000000
5695.000000
5923.000000
6870.000000
5885.000000
6177.000000
5934.000000
6134.000000
5812.000000
5544.000000
5698.000000
5800.000000
6107.000000
6593.000000
5845.000000
6097.000000
5679.000000
5851.000000
6073.000000
5846.000000
5490.000000
5663.000000
5336.000000
6450.000000
5761.000000
5791.000000
5923.000000
6141.000000
5805.000000
5951.000000
5906.000000
5790.000000
5887.000000
6879.000000
5962.000000
6104.000000
5841.000000
5669.000000
5734.000000
6660.000000
5738.000000
5878.000000
6053.000000
6815.000000
5760.000000
5992.000000
5969.000000
6268.000000
6156.000000
5805.000000
5914.000000
6136.000000
5955.000000
6736.000000
5873.000000
6074.000000
5796.000000
6162.000000
5986.000000
6164.000000
6024.000000
5842.000000
6082.000000
7018.000000
5950.000000
6035.000000
6038.000000
6063.000000
5848.000000
5909.000000
5824.000000
6173.000000
6064.000000
6816.000000
5736.000000
6097.000000
5823.000000
6044.000000
6272.000000
6097.000000
5847.000000
5972.000000
5976.000000
7000.000000
5693.000000
5747.000000
5816.000000
6143.000000
6080.000000
6005.000000
6073.000000
6012.000000
6027.000000
6655.000000
5767.000000
6276.000000
5847.000000
6003.000000
6044.000000
6224.000000
5962.000000
6049.000000
6212.000000
6967.000000
5662.000000
5764.000000
5992.000000
6185.000000
5880.000000
7206.000000
6002.000000
5948.000000
6077.000000
6811.000000
5734.000000
6105.000000
5775.000000
5936.000000
6041.000000
6157.000000
5888.000000
5850.000000
6018.000000
6843.000000
5748.000000
5859.000000
5698.000000
6035.000000
5881.000000
5899.000000
6090.000000
6292.000000
6290.000000
6886.000000
5505.000000
6002.000000
5914.000000
5766.000000
5864.000000
5926.000000
5814.000000
5951.000000
6423.000000
7037.000000
5733.000000
5665.000000
5647.000000
5900.000000
5926.000000
5763.000000
6005.000000
6353.000000
6043.000000
6781.000000
5552.000000
5961.000000
5652.000000
5760.000000
5613.000000
5979.000000
6102.000000
6180.000000
6195.000000
6960.000000
5625.000000
5778.000000
5762.000000
5952.000000
5899.000000
5757.000000
5839.000000
6062.000000
6455.000000
6995.000000
5539.000000
5912.000000
5856.000000
5707.000000
5776.000000
6122.000000
5920.000000
5965.000000
6096.000000
6808.000000
5884.000000
5761.000000
5577.000000
5761.000000
5673.000000
5765.000000
5840.000000
6016.000000
6242.000000
6954.000000
5549.000000
5845.000000
5788.000000
5495.000000
5893.000000
5689.000000
5588.000000
5750.000000
6109.000000
7114.000000
5630.000000
5598.000000
5781.000000
5920.000000
5800.000000
5547.000000
5561.000000
5961.000000
6168.000000
6970.000000
5772.000000
6028.000000
5740.000000
5731.000000
5630.000000
6447.000000
5636.000000
5819.000000
5998.000000
6965.000000
5747.000000
5759.000000
5818.000000
5815.000000
5320.000000
6056.000000
5765.000000
5699.000000
6171.000000
6974.000000
5696.000000
5786.000000
5810.000000
5765.000000
5733.000000
5956.000000
5633.000000
5670.000000
6065.000000
7015.000000
6158.000000
6525.000000
5652.000000
5603.000000
5841.000000
5672.000000
6056.000000
5612.000000
6040.000000
6852.000000
5738.000000
6179.000000
5680.000000
5877.000000
5884.000000
5816.000000
5656.000000
5595.000000
6152.000000
7085.000000
6151.000000
5648.000000
5798.000000
