16406.000000
7664.000000
6519.000000
6597.000000
6354.000000
6229.000000
6460.000000
6605.000000
7081.000000
7105.000000
7289.000000
7759.000000
6685.000000
6279.000000
6044.000000
6152.000000
6606.000000
6721.000000
6840.000000
7143.000000
7927.000000
7857.000000
6703.000000
6540.000000
6463.000000
5534.000000
6093.000000
6498.000000
6827.000000
7291.000000
7261.000000
7654.000000
6736.000000
6880.000000
6414.000000
6341.000000
6343.000000
6418.000000
6651.000000
6882.000000
7241.000000
7894.000000
6944.000000
6666.000000
6754.000000
6355.000000
6180.000000
6170.000000
6497.000000
6780.000000
6829.000000
7792.000000
7092.000000
6839.000000
6612.000000
6332.000000
6491.000000
5092.000000
6364.000000
6929.000000
6955.000000
7941.000000
6956.000000
7033.000000
6822.000000
6527.000000
6463.000000
6165.000000
6404.000000
6538.000000
6874.000000
7745.000000
7174.000000
7026.000000
6869.000000
6659.000000
6613.000000
6323.000000
5686.000000
6177.000000
7563.000000
7912.000000
7220.000000
6922.000000
7003.000000
6704.000000
6710.000000
6427.000000
6362.000000
6633.000000
6635.000000
7691.000000
7337.000000
7041.000000
7063.000000
7000.000000
6925.000000
6558.000000
6494.000000
6289.000000
6481.000000
7874.000000
7287.000000
7068.000000
7180.000000
6884.000000
6901.000000
6650.000000
6634.000000
6474.000000
5450.000000
7465.000000
7367.000000
6986.000000
7234.000000
6872.000000
7021.000000
6763.000000
6592.000000
6543.000000
6621.000000
7721.000000
7117.000000
6886.000000
7019.000000
6776.000000
6556.000000
6277.000000
5449.000000
6533.000000
7448.000000
7870.000000
7298.000000
7155.000000
7103.000000
6871.000000
6995.000000
6932.000000
6801.000000
6739.000000
7514.000000
7681.000000
7090.000000
6999.000000
7289.000000
7069.000000
6975.000000
6778.000000
6965.000000
6772.000000
6716.000000
7616.000000
7071.000000
7017.000000
7093.000000
7146.000000
7331.000000
7118.000000
7025.000000
6960.000000
7125.000000
7746.000000
7066.000000
7170.000000
7249.000000
7183.000000
6978.000000
7088.000000
7255.000000
6979.000000
7006.000000
7696.000000
7210.000000
7103.000000
7403.000000
7229.000000
7445.000000
7125.000000
7072.000000
7179.000000
8097.000000
7735.000000
6892.000000
7030.000000
7191.000000
7130.000000
7503.000000
7134.000000
7316.000000
7347.000000
7003.000000
7809.000000
7173.000000
6975.000000
7047.000000
7022.000000
7303.000000
7031.000000
7146.000000
7209.000000
8140.000000
7844.000000
6796.000000
7068.000000
7224.000000
7134.000000
7074.000000
7058.000000
7316.000000
7242.000000
7349.000000
8074.000000
7112.000000
6932.000000
7027.000000
7013.000000
7304.000000
7320.000000
7015.000000
7128.000000
7350.000000
7909.000000
6913.000000
6676.000000
7137.000000
7046.000000
7057.000000
7012.000000
7244.000000
7141.000000
7366.000000
7714.000000
6766.000000
6857.000000
6853.000000
7098.000000
7266.000000
7203.000000
7177.000000
7304.000000
7500.000000
7621.000000
6567.000000
6948.000000
6795.000000
6837.000000
7304.000000
6982.000000
7307.000000
7162.000000
7305.000000
7691.000000
6720.000000
6701.000000
6661.000000
7023.000000
7181.000000
7087.000000
7159.000000
7237.000000
8098.000000
7620.000000
6345.000000
6640.000000
6860.000000
6859.000000
6909.000000
7083.000000
7264.000000
7101.000000
7369.000000
7623.000000
6454.000000
6438.000000
6715.000000
6767.000000
7049.000000
16168.000000
7098.000000
7062.000000
7382.000000
7553.000000
6223.000000
6414.000000
6726.000000
6782.000000
6699.000000
7013.000000
7227.000000
7253.000000
7299.000000
7538.000000
5760.000000
6028.000000
6608.000000
6592.000000
6893.000000
6707.000000
7049.000000
7256.000000
7496.000000
7714.000000
6195.000000
6243.000000
6508.000000
6523.000000
6586.000000
6878.000000
6944.000000
7147.000000
7999.000000
7752.000000
6589.000000
5987.000000
6223.000000
6402.000000
6912.000000
6633.000000
6936.000000
7179.000000
8069.000000
7857.000000
6505.000000
6242.000000
6369.000000
6069.000000
6507.000000
6517.000000
6938.000000
6957.000000
7458.000000
7759.000000
6791.000000
6277.000000
6193.000000
6212.000000
6551.000000
6582.000000
6643.000000
6860.000000
7252.000000
8008.000000
6767.000000
6452.000000
6328.000000
5207.000000
6113.000000
6465.000000
6982.000000
6861.000000
7124.000000
7953.000000
6820.000000
6588.000000
6468.000000
6146.000000
6349.000000
6319.000000
6662.000000
6932.000000
7082.000000
7776.000000
6844.000000
6788.000000
6739.000000
6297.000000
5955.000000
6160.000000
6531.000000
6895.000000
6859.000000
7940.000000
6937.000000
6709.000000
6593.000000
6434.000000
6519.000000
6081.000000
6287.000000
6639.000000
8100.000000
7954.000000
7049.000000
6960.000000
6865.000000
6588.000000
6460.000000
6164.000000
6347.000000
6500.000000
6862.000000
7895.000000
7334.000000
6898.000000
7013.000000
6791.000000
6600.000000
6359.000000
5178.000000
6399.000000
6821.000000
7760.000000
7151.000000
7081.000000
7017.000000
6715.000000
6568.000000
6297.000000
6388.000000
6345.000000
6506.000000
8030.000000
7288.000000
7089.000000
7036.000000
6742.000000
6714.000000
6531.000000
6305.000000
6266.000000
6582.000000
7654.000000
6878.000000
7050.000000
7079.000000
6928.000000
6708.000000
6634.000000
6374.000000
6487.000000
6421.000000
7606.000000
7352.000000
7161.000000
7019.000000
6908.000000
7071.000000
6742.000000
6589.000000
6643.000000
7273.000000
7842.000000
7077.000000
7165.000000
7326.000000
6945.000000
6926.000000
6861.000000
6856.000000
6522.000000
6544.000000
7730.000000
7295.000000
7006.000000
7068.000000
7011.000000
7271.000000
6984.000000
6765.000000
6644.000000
6857.000000
7695.000000
7301.000000
7214.000000
7093.000000
7196.000000
7013.000000
7079.000000
7097.000000
6826.000000
6720.000000
7709.000000
7331.000000
7155.000000
7152.000000
7116.000000
7362.000000
6992.000000
7233.000000
6937.000000
7126.000000
7933.000000
7131.000000
7045.000000
7500.000000
7138.000000
7118.000000
6991.000000
7037.000000
7225.000000
7753.000000
7883.000000
7453.000000
7181.000000
7296.000000
7205.000000
7299.000000
7001.000000
7020.000000
6850.000000
7758.000000
