12900.000000
4240.000000
4433.000000
13353.000000
4067.000000
4937.000000
4221.000000
4183.000000
4118.000000
3966.000000
4422.000000
6193.000000
4846.000000
4114.000000
4107.000000
4830.000000
4190.000000
7657.000000
7910.000000
7858.000000
7772.000000
7515.000000
6404.000000
7539.000000
7440.000000
9017.000000
8079.000000
7859.000000
7826.000000
8173.000000
7732.000000
7400.000000
6987.000000
7264.000000
7716.000000
9212.000000
7947.000000
7991.000000
8008.000000
7836.000000
7793.000000
7458.000000
7329.000000
6987.000000
7410.000000
9091.000000
8122.000000
8027.000000
7902.000000
7814.000000
7891.000000
7754.000000
7596.000000
6572.000000
6536.000000
9030.000000
7954.000000
7906.000000
8177.000000
8179.000000
7732.000000
7570.000000
7072.000000
6650.000000
7381.000000
9140.000000
8190.000000
8133.000000
8016.000000
7782.000000
7981.000000
8063.000000
8015.000000
8141.000000
6944.000000
9066.000000
8186.000000
7945.000000
8069.000000
7932.000000
7902.000000
7808.000000
8255.000000
7263.000000
6977.000000
9135.000000
8123.000000
7962.000000
8027.000000
8198.000000
7899.000000
7793.000000
7921.000000
7405.000000
6556.000000
8762.000000
7997.000000
8029.000000
7998.000000
7931.000000
7843.000000
7782.000000
8103.000000
7354.000000
6890.000000
8910.000000
8129.000000
8033.000000
8025.000000
7763.000000
7896.000000
7902.000000
8055.000000
7417.000000
6966.000000
8922.000000
7912.000000
8010.000000
8147.000000
8050.000000
8359.000000
7836.000000
8241.000000
8064.000000
7858.000000
9264.000000
8100.000000
8015.000000
8010.000000
8037.000000
8091.000000
8025.000000
8203.000000
8788.000000
8036.000000
9022.000000
7909.000000
7960.000000
8185.000000
7995.000000
7993.000000
8000.000000
8301.000000
7828.000000
7840.000000
8865.000000
8014.000000
7944.000000
7972.000000
8129.000000
8203.000000
7967.000000
8222.000000
7889.000000
7914.000000
9114.000000
7986.000000
7867.000000
8077.000000
7997.000000
8031.000000
8045.000000
8422.000000
8004.000000
7908.000000
9191.000000
7824.000000
8034.000000
7800.000000
7958.000000
8139.000000
8012.000000
8244.000000
8014.000000
8104.000000
9060.000000
7734.000000
8005.000000
8076.000000
8037.000000
8032.000000
8083.000000
8462.000000
8159.000000
7858.000000
9064.000000
7977.000000
7786.000000
7950.000000
7986.000000
8072.000000
8027.000000
8225.000000
8610.000000
8245.000000
8811.000000
7785.000000
7744.000000
8020.000000
7860.000000
7970.000000
7935.000000
8387.000000
8038.000000
7964.000000
8820.000000
7873.000000
7867.000000
7728.000000
7999.000000
7936.000000
8022.000000
8326.000000
8168.000000
8113.000000
7805.000000
6618.000000
7680.000000
7883.000000
7846.000000
7866.000000
7951.000000
8373.000000
7919.000000
8082.000000
8413.000000
7483.000000
7735.000000
7815.000000
7705.000000
8020.000000
7926.000000
8272.000000
8000.000000
8162.000000
7537.000000
6458.000000
7819.000000
7819.000000
8000.000000
8021.000000
8028.000000
8409.000000
8825.000000
7987.000000
8569.000000
7092.000000
7198.000000
7564.000000
7797.000000
8523.000000
7834.000000
8212.000000
8621.000000
8110.000000
9045.000000
6617.000000
6538.000000
7608.000000
9463.000000
7665.000000
7869.000000
8355.000000
7918.000000
8000.000000
9107.000000
7337.000000
6941.000000
7015.000000
7505.000000
7944.000000
7721.000000
8147.000000
7990.000000
8151.000000
8951.000000
7547.000000
6576.000000
6391.000000
7606.000000
7723.000000
7553.000000
8236.000000
7861.000000
7900.000000
8947.000000
7873.000000
7236.000000
6868.000000
7178.000000
7711.000000
7665.000000
7944.000000
7888.000000
8175.000000
9035.000000
7657.000000
7566.000000
7766.000000
7262.000000
7270.000000
7609.000000
7991.000000
8091.000000
7958.000000
9123.000000
7851.000000
7762.000000
7527.000000
6778.000000
6703.000000
13761.000000
8053.000000
8675.000000
8072.000000
9090.000000
7837.000000
7807.000000
7867.000000
7168.000000
6827.000000
7006.000000
8054.000000
7598.000000
7816.000000
9015.000000
7914.000000
7725.000000
7732.000000
7554.000000
7066.000000
6922.000000
7578.000000
7341.000000
7685.000000
9171.000000
7887.000000
7848.000000
7852.000000
6503.000000
6609.000000
7926.000000
8362.000000
7942.000000
7964.000000
9197.000000
8061.000000
7867.000000
7870.000000
7705.000000
7695.000000
7295.000000
7132.000000
7296.000000
7806.000000
8956.000000
7859.000000
7848.000000
8062.000000
7798.000000
7605.000000
7490.000000
6637.000000
6790.000000
7435.000000
9000.000000
8020.000000
7889.000000
7616.000000
7528.000000
6742.000000
6409.000000
7785.000000
7747.000000
7844.000000
9320.000000
7996.000000
7979.000000
7971.000000
8177.000000
7806.000000
7732.000000
7866.000000
6994.000000
7130.000000
9049.000000
8116.000000
7954.000000
7917.000000
7884.000000
8016.000000
7661.000000
7896.000000
7333.000000
7043.000000
9155.000000
7963.000000
7965.000000
8021.000000
7803.000000
7518.000000
6944.000000
6783.000000
7657.000000
7694.000000
9053.000000
8119.000000
8018.000000
7895.000000
7957.000000
7943.000000
7810.000000
8028.000000
7624.000000
7309.000000
9118.000000
8040.000000
8009.000000
8145.000000
8051.000000
7933.000000
7683.000000
8182.000000
8029.000000
6859.000000
9124.000000
8067.000000
7975.000000
7991.000000
7841.000000
7996.000000
7892.000000
7924.000000
8594.000000
7618.000000
9021.000000
8047.000000
8117.000000
8146.000000
7991.000000
7960.000000
7863.000000
8137.000000
7749.000000
7256.000000
8938.000000
8125.000000
8018.000000
7920.000000
8058.000000
8108.000000
7870.000000
8010.000000
7850.000000
7677.000000
8947.000000
7997.000000
7948.000000
8137.000000
8018.000000
8056.000000
7913.000000
8293.000000
7887.000000
7825.000000
8906.000000
8079.000000
8067.000000
7985.000000
7892.000000
8205.000000
8067.000000
8296.000000
7969.000000
8060.000000
8900.000000
7938.000000
7999.000000
8098.000000
8061.000000
7912.000000
8029.000000
8396.000000
7978.000000
7731.000000
8877.000000
7963.000000
7993.000000
7854.000000
7980.000000
8011.000000
7924.000000
8227.000000
8760.000000
7931.000000
8940.000000
7873.000000
7856.000000
8008.000000
7886.000000
7952.000000
