10203.000000
7446.000000
7810.000000
8572.000000
7072.000000
7458.000000
7472.000000
7684.000000
7541.000000
7441.000000
7438.000000
7667.000000
7963.000000
8260.000000
7097.000000
7251.000000
7349.000000
7454.000000
7562.000000
7737.000000
7611.000000
7540.000000
7913.000000
8462.000000
6963.000000
7162.000000
7459.000000
7433.000000
7505.000000
7814.000000
7441.000000
7703.000000
7889.000000
8198.000000
6675.000000
7243.000000
7259.000000
7377.000000
7545.000000
7740.000000
7611.000000
7614.000000
7879.000000
7903.000000
6267.000000
6875.000000
7085.000000
7503.000000
7503.000000
7426.000000
7454.000000
7738.000000
7967.000000
8207.000000
6411.000000
6845.000000
6869.000000
7343.000000
7300.000000
7897.000000
7515.000000
7438.000000
7742.000000
8441.000000
6409.000000
6390.000000
7005.000000
7350.000000
7215.000000
7386.000000
7413.000000
7520.000000
7692.000000
8290.000000
15741.000000
6596.000000
6638.000000
6947.000000
7212.000000
7347.000000
7382.000000
7506.000000
7871.000000
8417.000000
6711.000000
6441.000000
6518.000000
6807.000000
7429.000000
8927.000000
7442.000000
7651.000000
7868.000000
8390.000000
6863.000000
6760.000000
5339.000000
6333.000000
7156.000000
7421.000000
7525.000000
7524.000000
7829.000000
8416.000000
6934.000000
6825.000000
6624.000000
6626.000000
6816.000000
7303.000000
7411.000000
7542.000000
7776.000000
8462.000000
7204.000000
7143.000000
6637.000000
6279.000000
6801.000000
7471.000000
7354.000000
8159.000000
7709.000000
8500.000000
7271.000000
7151.000000
7100.000000
6698.000000
6642.000000
6963.000000
7231.000000
7488.000000
7728.000000
8599.000000
7235.000000
7348.000000
7105.000000
6902.000000
6686.000000
6980.000000
7093.000000
7156.000000
7606.000000
8633.000000
7135.000000
7240.000000
7048.000000
7153.000000
6519.000000
6446.000000
6804.000000
7198.000000
7513.000000
8485.000000
7506.000000
7423.000000
7260.000000
7080.000000
5635.000000
6478.000000
6795.000000
7088.000000
7403.000000
8646.000000
7383.000000
7177.000000
7283.000000
7443.000000
6780.000000
5473.000000
6201.000000
6961.000000
7395.000000
8508.000000
7394.000000
7759.000000
7229.000000
7312.000000
6966.000000
7480.000000
6364.000000
6715.000000
7223.000000
8598.000000
7525.000000
7561.000000
7512.000000
7535.000000
7185.000000
6845.000000
6427.000000
6676.000000
7057.000000
8309.000000
7505.000000
7479.000000
7375.000000
7275.000000
7230.000000
7170.000000
6645.000000
5560.000000
6528.000000
8309.000000
7453.000000
7410.000000
7453.000000
7413.000000
7240.000000
8013.000000
6901.000000
6602.000000
6668.000000
8081.000000
7558.000000
7759.000000
7523.000000
7399.000000
7176.000000
7280.000000
7147.000000
6748.000000
6666.000000
7921.000000
7453.000000
7564.000000
7366.000000
7690.000000
7241.000000
7266.000000
7297.000000
7047.000000
6967.000000
7448.000000
7553.000000
7892.000000
7435.000000
7583.000000
7363.000000
7604.000000
7222.000000
7007.000000
6955.000000
8055.000000
7601.000000
7474.000000
7481.000000
7557.000000
7613.000000
7177.000000
7226.000000
7413.000000
7314.000000
8185.000000
7466.000000
7609.000000
7433.000000
7478.000000
7506.000000
7386.000000
7426.000000
7102.000000
7356.000000
8403.000000
7389.000000
7479.000000
7479.000000
7550.000000
7630.000000
8114.000000
7193.000000
7464.000000
7647.000000
8368.000000
7466.000000
7695.000000
7597.000000
7504.000000
7546.000000
7547.000000
7320.000000
16281.000000
7632.000000
8363.000000
7477.000000
7492.000000
7540.000000
7730.000000
7639.000000
7597.000000
7439.000000
7415.000000
7660.000000
8518.000000
7482.000000
7692.000000
7426.000000
7526.000000
7688.000000
7774.000000
7540.000000
7306.000000
7776.000000
8639.000000
7506.000000
7453.000000
7431.000000
7638.000000
7465.000000
7527.000000
7625.000000
7643.000000
7570.000000
8307.000000
7366.000000
7428.000000
7331.000000
7478.000000
7462.000000
7612.000000
7517.000000
7511.000000
7679.000000
8588.000000
7201.000000
7315.000000
7327.000000
7561.000000
7490.000000
8427.000000
7549.000000
7548.000000
7708.000000
8220.000000
7335.000000
7503.000000
7464.000000
7489.000000
7564.000000
7580.000000
7571.000000
7597.000000
7832.000000
8482.000000
7078.000000
7313.000000
7332.000000
7536.000000
13288.000000
7478.000000
7566.000000
7598.000000
7798.000000
8135.000000
7073.000000
7490.000000
7261.000000
7366.000000
7456.000000
7761.000000
7492.000000
7592.000000
7816.000000
8381.000000
6868.000000
7139.000000
7257.000000
7431.000000
7337.000000
7430.000000
7458.000000
7728.000000
7888.000000
8147.000000
6706.000000
7130.000000
7177.000000
7310.000000
7324.000000
8450.000000
7458.000000
7450.000000
7940.000000
7779.000000
6313.000000
6726.000000
7046.000000
7319.000000
7298.000000
7451.000000
7512.000000
7498.000000
7787.000000
8112.000000
6398.000000
6717.000000
6938.000000
7165.000000
7249.000000
7612.000000
7423.000000
7644.000000
7756.000000
8135.000000
6398.000000
6416.000000
6753.000000
7126.000000
7225.000000
7248.000000
7363.000000
7603.000000
7802.000000
8237.000000
6604.000000
6603.000000
6576.000000
6859.000000
7126.000000
7464.000000
7418.000000
7513.000000
7702.000000
8253.000000
6784.000000
6545.000000
6452.000000
6812.000000
6980.000000
7104.000000
7447.000000
7627.000000
7738.000000
8281.000000
6900.000000
6803.000000
5306.000000
6359.000000
6713.000000
7157.000000
7124.000000
7386.000000
7695.000000
8600.000000
7095.000000
6781.000000
6424.000000
6483.000000
6672.000000
7998.000000
7100.000000
7336.000000
7630.000000
8279.000000
7169.000000
7185.000000
6806.000000
6441.000000
6448.000000
6927.000000
7150.000000
7244.000000
7639.000000
8451.000000
7179.000000
7004.000000
6843.000000
6681.000000
6390.000000
6267.000000
6581.000000
7094.000000
7588.000000
8349.000000
7305.000000
7553.000000
7027.000000
6821.000000
6532.000000
6524.000000
6657.000000
6865.000000
7330.000000
8428.000000
7388.000000
7352.000000
7066.000000
7087.000000
6667.000000
5407.000000
6081.000000
7009.000000
7399.000000
8225.000000
7225.000000
7525.000000
7166.000000
7110.000000
6923.000000
6735.000000
6375.000000
