13812.000000
6637.000000
8065.000000
9140.000000
4923.000000
4428.000000
4437.000000
4967.000000
5101.000000
5932.000000
4797.000000
5056.000000
5771.000000
4986.000000
5010.000000
4703.000000
4875.000000
4916.000000
4658.000000
4869.000000
5032.000000
4989.000000
5825.000000
5113.000000
4696.000000
5066.000000
4910.000000
4586.000000
4522.000000
5363.000000
4724.000000
5018.000000
5810.000000
5005.000000
4840.000000
4838.000000
4569.000000
5228.000000
4683.000000
4758.000000
4986.000000
4849.000000
5652.000000
5154.000000
4889.000000
4882.000000
4902.000000
4459.000000
4883.000000
4967.000000
4940.000000
4836.000000
5911.000000
4793.000000
4988.000000
5086.000000
4632.000000
4847.000000
6457.000000
4956.000000
5129.000000
5563.000000
5699.000000
5921.000000
5064.000000
4848.000000
5012.000000
4902.000000
5144.000000
4896.000000
4854.000000
4698.000000
6080.000000
5185.000000
4840.000000
4960.000000
4847.000000
4790.000000
4768.000000
4874.000000
4948.000000
4998.000000
5568.000000
6432.000000
4973.000000
5062.000000
5008.000000
4897.000000
4610.000000
5549.000000
4899.000000
4979.000000
5511.000000
4897.000000
4910.000000
4876.000000
5098.000000
5118.000000
4882.000000
4884.000000
4891.000000
4837.000000
5814.000000
4938.000000
4904.000000
5084.000000
4914.000000
4847.000000
4672.000000
4853.000000
4888.000000
4786.000000
5869.000000
5215.000000
4750.000000
5097.000000
4983.000000
4475.000000
4877.000000
4895.000000
4945.000000
5098.000000
5677.000000
4731.000000
4911.000000
4986.000000
4735.000000
5882.000000
5038.000000
4850.000000
5128.000000
4747.000000
6032.000000
5483.000000
4711.000000
4351.000000
4560.000000
5133.000000
4709.000000
5074.000000
4935.000000
4957.000000
5914.000000
5696.000000
4756.000000
5008.000000
4892.000000
4781.000000
4860.000000
4941.000000
5240.000000
4830.000000
5733.000000
5024.000000
5011.000000
4661.000000
4958.000000
5129.000000
4682.000000
5032.000000
5228.000000
4967.000000
6103.000000
5100.000000
4751.000000
5080.000000
4929.000000
4566.000000
4973.000000
5200.000000
5034.000000
5031.000000
5916.000000
4709.000000
4925.000000
4997.000000
4628.000000
4996.000000
5050.000000
4763.000000
5314.000000
5251.000000
5847.000000
4765.000000
4647.000000
4738.000000
4806.000000
4560.000000
5010.000000
6878.000000
6845.000000
4746.000000
6870.000000
4724.000000
4935.000000
4925.000000
4546.000000
5228.000000
4828.000000
4890.000000
5172.000000
4488.000000
5437.000000
15233.000000
5068.000000
4855.000000
4784.000000
4637.000000
4771.000000
5088.000000
5066.000000
5257.000000
5679.000000
4990.000000
4577.000000
4853.000000
4955.000000
4983.000000
4486.000000
4715.000000
5095.000000
5104.000000
5650.000000
5004.000000
4965.000000
4654.000000
4686.000000
4730.000000
4560.000000
5323.000000
4964.000000
4927.000000
5948.000000
5057.000000
4743.000000
5042.000000
4842.000000
4708.000000
4809.000000
4891.000000
4827.000000
5172.000000
5852.000000
4818.000000
4953.000000
4924.000000
4807.000000
5027.000000
5040.000000
4634.000000
5008.000000
4812.000000
5983.000000
5146.000000
4843.000000
4652.000000
4647.000000
5448.000000
4924.000000
4768.000000
4718.000000
4870.000000
6119.000000
5541.000000
5023.000000
4939.000000
4696.000000
4809.000000
4899.000000
4773.000000
5025.000000
4701.000000
5746.000000
4875.000000
4953.000000
4566.000000
4895.000000
4888.000000
4661.000000
4789.000000
5081.000000
4738.000000
7292.000000
4944.000000
4968.000000
4957.000000
4904.000000
4994.000000
4832.000000
4995.000000
4838.000000
4874.000000
5673.000000
5021.000000
5077.000000
5040.000000
4976.000000
5016.000000
4756.000000
4759.000000
4991.000000
4891.000000
5727.000000
4869.000000
5028.000000
5097.000000
4839.000000
4818.000000
4859.000000
5003.000000
4879.000000
4973.000000
5516.000000
4649.000000
4926.000000
4907.000000
4915.000000
4829.000000
4830.000000
4624.000000
5032.000000
4863.000000
6366.000000
6295.000000
5037.000000
4995.000000
5038.000000
5129.000000
4858.000000
5104.000000
4904.000000
5019.000000
5706.000000
4869.000000
5054.000000
5060.000000
4832.000000
4859.000000
4771.000000
4845.000000
5082.000000
5081.000000
5669.000000
5131.000000
5064.000000
4867.000000
4932.000000
4738.000000
4831.000000
5084.000000
4832.000000
4895.000000
5788.000000
5303.000000
4993.000000
4630.000000
4524.000000
5125.000000
4887.000000
4866.000000
4950.000000
5300.000000
5516.000000
4871.000000
4975.000000
4981.000000
5069.000000
5430.000000
4786.000000
5056.000000
5178.000000
4765.000000
5970.000000
5162.000000
4660.000000
5063.000000
4486.000000
4972.000000
4758.000000
4911.000000
4942.000000
5144.000000
5739.000000
4664.000000
4926.000000
5040.000000
5524.000000
4942.000000
4922.000000
4918.000000
5124.000000
5305.000000
5584.000000
4932.000000
4750.000000
4857.000000
4889.000000
5179.000000
4978.000000
5133.000000
4922.000000
5158.000000
5975.000000
4674.000000
5002.000000
4901.000000
4701.000000
4873.000000
4981.000000
4841.000000
5289.000000
14262.000000
5850.000000
4830.000000
4870.000000
4763.000000
5011.000000
4988.000000
4790.000000
4864.000000
4952.000000
4616.000000
5619.000000
4847.000000
4797.000000
5039.000000
4669.000000
4828.000000
4708.000000
4984.000000
5183.000000
5027.000000
5698.000000
5069.000000
4855.000000
4619.000000
5037.000000
4882.000000
4897.000000
5089.000000
5160.000000
5187.000000
7007.000000
4828.000000
4702.000000
5222.000000
4742.000000
4708.000000
4984.000000
4988.000000
5005.000000
6039.000000
5940.000000
4755.000000
4714.000000
4947.000000
4923.000000
5238.000000
4656.000000
4909.000000
5002.000000
5164.000000
5732.000000
4895.000000
4622.000000
4979.000000
4813.000000
4591.000000
4820.000000
5211.000000
4864.000000
4946.000000
5756.000000
4774.000000
4944.000000
4950.000000
4635.000000
5132.000000
4954.000000
4827.000000
5089.000000
5376.000000
5647.000000
4675.000000
4895.000000
4698.000000
4743.000000
5033.000000
4585.000000
4769.000000
4931.000000
4594.000000
5928.000000
5092.000000
4695.000000
4845.000000
4698.000000
4722.000000
4818.000000
4660.000000
5328.000000
