14380.000000
5788.000000
5088.000000
4945.000000
5146.000000
4989.000000
5003.000000
4869.000000
5106.000000
5112.000000
4878.000000
5803.000000
5180.000000
4997.000000
5042.000000
4906.000000
4672.000000
4923.000000
4936.000000
5050.000000
4986.000000
5597.000000
5000.000000
5002.000000
5211.000000
4824.000000
5067.000000
4977.000000
14578.000000
5517.000000
5041.000000
5720.000000
4965.000000
4919.000000
4714.000000
5058.000000
5382.000000
5023.000000
4881.000000
5216.000000
5116.000000
5588.000000
4725.000000
4880.000000
5209.000000
4945.000000
5067.000000
4448.000000
4797.000000
5253.000000
4831.000000
5681.000000
4727.000000
5124.000000
4706.000000
4834.000000
4911.000000
4784.000000
4936.000000
5768.000000
4976.000000
5815.000000
4841.000000
4963.000000
5012.000000
4972.000000
4864.000000
5104.000000
5084.000000
5302.000000
5808.000000
5827.000000
4852.000000
4790.000000
4961.000000
4854.000000
5057.000000
4944.000000
5015.000000
4621.000000
5635.000000
5770.000000
4648.000000
4699.000000
4957.000000
4730.000000
4827.000000
4875.000000
5082.000000
5717.000000
4947.000000
5298.000000
4999.000000
4842.000000
4724.000000
4739.000000
5067.000000
4866.000000
4876.000000
5357.000000
5045.000000
5777.000000
4964.000000
4721.000000
4886.000000
4887.000000
4687.000000
4854.000000
4974.000000
5218.000000
4966.000000
5477.000000
5076.000000
4735.000000
4863.000000
4648.000000
4802.000000
4679.000000
4887.000000
5218.000000
5021.000000
5544.000000
4895.000000
4648.000000
4914.000000
4828.000000
4745.000000
4682.000000
4957.000000
5213.000000
5769.000000
5747.000000
5073.000000
4766.000000
4673.000000
4818.000000
5023.000000
4794.000000
5086.000000
4761.000000
5802.000000
5605.000000
4842.000000
4791.000000
4798.000000
4830.000000
4592.000000
4561.000000
4883.000000
5102.000000
4995.000000
5377.000000
5099.000000
4725.000000
4748.000000
4881.000000
5009.000000
4706.000000
4828.000000
4977.000000
4664.000000
5798.000000
4787.000000
4806.000000
4881.000000
4781.000000
4872.000000
4962.000000
4768.000000
5088.000000
4710.000000
5497.000000
4816.000000
4722.000000
4790.000000
4744.000000
4874.000000
4608.000000
4679.000000
5238.000000
4805.000000
5595.000000
4647.000000
4752.000000
4866.000000
4987.000000
4772.000000
4770.000000
4853.000000
5186.000000
4555.000000
5966.000000
5104.000000
4757.000000
4923.000000
4866.000000
4774.000000
4920.000000
4753.000000
4935.000000
5606.000000
5627.000000
4880.000000
4776.000000
4841.000000
4666.000000
4771.000000
4971.000000
5001.000000
5231.000000
4616.000000
5640.000000
5144.000000
4693.000000
4777.000000
4717.000000
4976.000000
4532.000000
4911.000000
4861.000000
4897.000000
5922.000000
4931.000000
4804.000000
4752.000000
4611.000000
4850.000000
4916.000000
5030.000000
5065.000000
4726.000000
5663.000000
4985.000000
5167.000000
4817.000000
4849.000000
4905.000000
4623.000000
4728.000000
5188.000000
5110.000000
5860.000000
4830.000000
4926.000000
4809.000000
4934.000000
4497.000000
5040.000000
4773.000000
5416.000000
5390.000000
5572.000000
4805.000000
4937.000000
4920.000000
5054.000000
4717.000000
4994.000000
4568.000000
5092.000000
5681.000000
5737.000000
4877.000000
4950.000000
5211.000000
4899.000000
4746.000000
4838.000000
4892.000000
5439.000000
4601.000000
5910.000000
5162.000000
4995.000000
4989.000000
4766.000000
5261.000000
4873.000000
4837.000000
4892.000000
4894.000000
5856.000000
5046.000000
4849.000000
4900.000000
4988.000000
5034.000000
4899.000000
4863.000000
5292.000000
4952.000000
5834.000000
5008.000000
5070.000000
5079.000000
4805.000000
4985.000000
4829.000000
4980.000000
5165.000000
5963.000000
5809.000000
4850.000000
5058.000000
4992.000000
5075.000000
4946.000000
4884.000000
4924.000000
5087.000000
4726.000000
5608.000000
5228.000000
4848.000000
4952.000000
5100.000000
5102.000000
4932.000000
4967.000000
4934.000000
5761.000000
5583.000000
4678.000000
5038.000000
4944.000000
4803.000000
4459.000000
4721.000000
4928.000000
5411.000000
4923.000000
5626.000000
5116.000000
4711.000000
4811.000000
5039.000000
5156.000000
4862.000000
5147.000000
5236.000000
5046.000000
6468.000000
4880.000000
4949.000000
5047.000000
4906.000000
4816.000000
5482.000000
5164.000000
5198.000000
5036.000000
5441.000000
4876.000000
4763.000000
4760.000000
4813.000000
4902.000000
4790.000000
4821.000000
5368.000000
4869.000000
5610.000000
4806.000000
4698.000000
4756.000000
4809.000000
4672.000000
5012.000000
4969.000000
5337.000000
4791.000000
5699.000000
4900.000000
4848.000000
4917.000000
4898.000000
5057.000000
5149.000000
4937.000000
5314.000000
5753.000000
5348.000000
4694.000000
4943.000000
4933.000000
4832.000000
4625.000000
4715.000000
4760.000000
5179.000000
4760.000000
5620.000000
4652.000000
4765.000000
4790.000000
4892.000000
4911.000000
4770.000000
4895.000000
5120.000000
4941.000000
5637.000000
4706.000000
5043.000000
4924.000000
4804.000000
4810.000000
4837.000000
4946.000000
5061.000000
4808.000000
5375.000000
4763.000000
4728.000000
4755.000000
4663.000000
4871.000000
4734.000000
4667.000000
5312.000000
4816.000000
5352.000000
4866.000000
4739.000000
4941.000000
4818.000000
4747.000000
4639.000000
4816.000000
5203.000000
5367.000000
5867.000000
4794.000000
4895.000000
4747.000000
4745.000000
4978.000000
4658.000000
4909.000000
5117.000000
5687.000000
5545.000000
4958.000000
4936.000000
4787.000000
4766.000000
4682.000000
4697.000000
4901.000000
5239.000000
4760.000000
5679.000000
5144.000000
4923.000000
4806.000000
5099.000000
4754.000000
4666.000000
4779.000000
5124.000000
4691.000000
5774.000000
4935.000000
4925.000000
4630.000000
4969.000000
4781.000000
4931.000000
4959.000000
4880.000000
4748.000000
5392.000000
5196.000000
4838.000000
4963.000000
4554.000000
5224.000000
4765.000000
4905.000000
5086.000000
5159.000000
5451.000000
5011.000000
5067.000000
5000.000000
4930.000000
4677.000000
4949.000000
4806.000000
5102.000000
4839.000000
5648.000000
5173.000000
4833.000000
4763.000000
4850.000000
5026.000000
4875.000000
4729.000000
5164.000000
5943.000000
