14282.000000
4806.000000
4658.000000
4941.000000
4870.000000
4801.000000
5274.000000
4867.000000
4720.000000
4661.000000
4616.000000
4933.000000
4645.000000
4582.000000
4888.000000
4705.000000
5519.000000
4903.000000
4587.000000
4769.000000
4701.000000
4003.000000
4635.000000
5034.000000
4984.000000
4633.000000
5445.000000
4739.000000
4573.000000
4987.000000
4681.000000
4855.000000
4690.000000
4756.000000
5692.000000
5088.000000
5443.000000
4573.000000
4568.000000
4724.000000
4787.000000
4899.000000
4790.000000
4895.000000
4698.000000
4699.000000
5523.000000
4890.000000
4560.000000
4693.000000
4646.000000
4864.000000
4599.000000
4412.000000
4877.000000
4772.000000
5457.000000
4858.000000
4566.000000
5283.000000
4683.000000
4550.000000
4614.000000
5096.000000
4972.000000
4826.000000
5401.000000
4715.000000
4630.000000
4595.000000
4642.000000
4740.000000
4774.000000
13842.000000
4667.000000
4764.000000
5566.000000
4652.000000
4712.000000
4605.000000
4618.000000
4624.000000
4661.000000
4950.000000
5060.000000
4753.000000
5465.000000
4874.000000
4470.000000
5045.000000
4549.000000
4812.000000
4597.000000
4708.000000
5990.000000
4941.000000
5299.000000
4443.000000
4795.000000
4728.000000
4387.000000
4636.000000
4608.000000
4880.000000
4900.000000
4679.000000
5062.000000
4789.000000
4484.000000
4502.000000
4561.000000
4689.000000
4587.000000
4735.000000
4943.000000
4850.000000
5475.000000
4385.000000
4444.000000
4818.000000
4563.000000
4654.000000
4784.000000
4811.000000
4815.000000
4830.000000
5405.000000
4785.000000
4514.000000
4597.000000
4388.000000
4565.000000
4527.000000
4796.000000
4792.000000
4709.000000
5497.000000
4822.000000
4701.000000
4685.000000
4386.000000
4598.000000
4628.000000
4943.000000
5028.000000
4685.000000
5640.000000
4641.000000
4433.000000
4710.000000
4474.000000
4619.000000
4485.000000
4811.000000
5547.000000
4800.000000
5444.000000
4662.000000
4574.000000
4770.000000
4608.000000
4568.000000
4438.000000
4707.000000
4815.000000
4684.000000
5559.000000
4811.000000
4643.000000
4489.000000
4491.000000
4739.000000
4705.000000
4767.000000
4556.000000
4893.000000
5610.000000
4544.000000
4597.000000
4913.000000
4514.000000
4415.000000
4554.000000
4774.000000
4745.000000
4714.000000
5583.000000
4698.000000
4411.000000
4554.000000
4575.000000
4744.000000
4569.000000
4699.000000
4677.000000
4640.000000
5540.000000
4914.000000
4630.000000
4747.000000
4519.000000
4677.000000
4555.000000
5074.000000
5538.000000
4540.000000
5572.000000
4712.000000
4460.000000
4546.000000
4440.000000
4660.000000
4695.000000
4705.000000
5423.000000
4853.000000
5480.000000
4431.000000
4711.000000
4754.000000
4392.000000
4683.000000
5759.000000
4801.000000
4522.000000
4528.000000
5471.000000
5332.000000
4652.000000
4707.000000
4515.000000
4635.000000
4498.000000
4901.000000
4772.000000
4659.000000
5501.000000
4634.000000
4671.000000
5017.000000
4705.000000
4369.000000
4531.000000
4701.000000
4829.000000
4652.000000
5565.000000
4778.000000
4590.000000
4621.000000
4542.000000
4815.000000
4580.000000
4832.000000
4711.000000
4468.000000
5507.000000
4887.000000
4802.000000
10884.000000
4571.000000
4481.000000
4438.000000
4807.000000
4919.000000
4396.000000
5532.000000
4788.000000
4646.000000
4836.000000
4609.000000
4641.000000
4450.000000
4797.000000
5725.000000
4769.000000
5700.000000
4465.000000
4540.000000
4721.000000
4523.000000
4798.000000
4615.000000
4866.000000
4619.000000
4503.000000
5603.000000
5015.000000
4786.000000
4872.000000
4681.000000
4813.000000
4595.000000
4618.000000
4574.000000
4583.000000
5616.000000
4827.000000
4873.000000
4894.000000
4814.000000
4443.000000
4659.000000
4920.000000
4888.000000
4568.000000
5709.000000
4924.000000
4709.000000
4672.000000
4676.000000
4928.000000
4523.000000
4929.000000
4675.000000
4529.000000
5853.000000
4875.000000
4680.000000
5064.000000
4469.000000
4697.000000
4546.000000
4860.000000
4936.000000
4470.000000
5567.000000
4818.000000
4556.000000
4968.000000
4701.000000
4974.000000
4491.000000
4910.000000
5639.000000
4956.000000
5451.000000
4668.000000
4601.000000
4770.000000
4690.000000
4775.000000
4670.000000
4885.000000
4825.000000
4625.000000
5454.000000
4789.000000
4695.000000
4720.000000
4627.000000
4756.000000
4086.000000
4887.000000
4971.000000
4859.000000
5545.000000
4773.000000
4676.000000
4714.000000
4698.000000
4674.000000
4871.000000
4921.000000
5132.000000
4722.000000
5578.000000
4711.000000
4664.000000
4489.000000
4686.000000
4830.000000
4656.000000
4941.000000
5119.000000
4724.000000
5451.000000
4715.000000
4617.000000
4787.000000
4715.000000
4716.000000
4626.000000
4881.000000
5283.000000
4818.000000
5371.000000
4693.000000
4482.000000
4779.000000
4520.000000
4768.000000
4658.000000
4762.000000
5702.000000
5076.000000
5576.000000
4533.000000
4571.000000
4660.000000
4681.000000
4683.000000
4747.000000
4863.000000
4940.000000
4587.000000
5340.000000
4724.000000
4540.000000
4748.000000
4617.000000
4787.000000
4741.000000
5058.000000
4994.000000
4724.000000
5282.000000
4410.000000
4565.000000
4658.000000
4401.000000
4409.000000
4587.000000
4883.000000
4906.000000
4849.000000
5426.000000
4759.000000
4720.000000
4497.000000
4599.000000
4815.000000
4562.000000
4662.000000
4713.000000
4717.000000
5464.000000
4759.000000
4580.000000
4841.000000
4511.000000
4474.000000
4698.000000
4953.000000
5055.000000
4642.000000
5528.000000
4801.000000
4528.000000
4349.000000
4474.000000
4758.000000
4515.000000
4639.000000
6007.000000
4876.000000
5406.000000
4573.000000
4579.000000
4584.000000
4457.000000
4572.000000
4393.000000
4655.000000
4843.000000
4521.000000
5225.000000
4869.000000
4599.000000
4628.000000
4425.000000
4718.000000
4472.000000
4748.000000
4792.000000
4643.000000
5341.000000
4463.000000
4547.000000
4727.000000
4512.000000
4491.000000
4505.000000
4717.000000
4875.000000
4807.000000
5436.000000
4841.000000
4700.000000
4397.000000
4470.000000
4792.000000
4511.000000
4548.000000
4562.000000
4537.000000
5328.000000
4692.000000
4590.000000
4889.000000
4454.000000
