14276.000000
4976.000000
4926.000000
5318.000000
4900.000000
6028.000000
5046.000000
4886.000000
4766.000000
5027.000000
4993.000000
5065.000000
5036.000000
5466.000000
5075.000000
5778.000000
4886.000000
4752.000000
4984.000000
4826.000000
4899.000000
4834.000000
5222.000000
5485.000000
5056.000000
5853.000000
14201.000000
4931.000000
4882.000000
5031.000000
5192.000000
4957.000000
4994.000000
4786.000000
5401.000000
5898.000000
4859.000000
4792.000000
4823.000000
5035.000000
4643.000000
5040.000000
5176.000000
5336.000000
5029.000000
5756.000000
4917.000000
4777.000000
4840.000000
5006.000000
4961.000000
4974.000000
4922.000000
5309.000000
5144.000000
5843.000000
5005.000000
4845.000000
4958.000000
5451.000000
4785.000000
4641.000000
5054.000000
5093.000000
4939.000000
6008.000000
5255.000000
4856.000000
4595.000000
4783.000000
4839.000000
4919.000000
4966.000000
5231.000000
5146.000000
5891.000000
4953.000000
4906.000000
4962.000000
4744.000000
4797.000000
4783.000000
4819.000000
5641.000000
4884.000000
6099.000000
5005.000000
4723.000000
4748.000000
5186.000000
4890.000000
4681.000000
4793.000000
5064.000000
5965.000000
5910.000000
4882.000000
4907.000000
4941.000000
4779.000000
4632.000000
4962.000000
4909.000000
4978.000000
4819.000000
5948.000000
5017.000000
4895.000000
4775.000000
4838.000000
4854.000000
4806.000000
4748.000000
5455.000000
5006.000000
5799.000000
4884.000000
4854.000000
5011.000000
4859.000000
4825.000000
4854.000000
5037.000000
5014.000000
5002.000000
5970.000000
4852.000000
4688.000000
4693.000000
4801.000000
4843.000000
4784.000000
4754.000000
4943.000000
4969.000000
5820.000000
4761.000000
4885.000000
5041.000000
4686.000000
4649.000000
4524.000000
4809.000000
5252.000000
4649.000000
5744.000000
4934.000000
4793.000000
4804.000000
4814.000000
4817.000000
4735.000000
4710.000000
5057.000000
5529.000000
5805.000000
4769.000000
4802.000000
4751.000000
4901.000000
4676.000000
4805.000000
4938.000000
5123.000000
4743.000000
5660.000000
5231.000000
4951.000000
4737.000000
4707.000000
5184.000000
4705.000000
4584.000000
5363.000000
4941.000000
5422.000000
4930.000000
4776.000000
4818.000000
5078.000000
4906.000000
4839.000000
4780.000000
5134.000000
4872.000000
5902.000000
5141.000000
4714.000000
4622.000000
4818.000000
4859.000000
4884.000000
4767.000000
5232.000000
5148.000000
5800.000000
5144.000000
4974.000000
4922.000000
4825.000000
4796.000000
4908.000000
4984.000000
5316.000000
5485.000000
5786.000000
5051.000000
4880.000000
4732.000000
5068.000000
4909.000000
4742.000000
4996.000000
4882.000000
5569.000000
6011.000000
5287.000000
4868.000000
4919.000000
4781.000000
4743.000000
5016.000000
5003.000000
5065.000000
4737.000000
5831.000000
4856.000000
4754.000000
5023.000000
5064.000000
5094.000000
4888.000000
4778.000000
5179.000000
4919.000000
5756.000000
4853.000000
4507.000000
4995.000000
4904.000000
4760.000000
4902.000000
4999.000000
5239.000000
4742.000000
5822.000000
4973.000000
4423.000000
4954.000000
4961.000000
4988.000000
4955.000000
4756.000000
5125.000000
5031.000000
5672.000000
5175.000000
5092.000000
5130.000000
4930.000000
4885.000000
5013.000000
4843.000000
5403.000000
4941.000000
5607.000000
5074.000000
5011.000000
5105.000000
4956.000000
5092.000000
5025.000000
5006.000000
5138.000000
5955.000000
5952.000000
4915.000000
4899.000000
5071.000000
4844.000000
5137.000000
4824.000000
5150.000000
5276.000000
4957.000000
5755.000000
4979.000000
5036.000000
4910.000000
4873.000000
5127.000000
4781.000000
4938.000000
5226.000000
5012.000000
5757.000000
5066.000000
4800.000000
5147.000000
4774.000000
4830.000000
4862.000000
5022.000000
5207.000000
4717.000000
5832.000000
5074.000000
4797.000000
4966.000000
5066.000000
5035.000000
4388.000000
4415.000000
5448.000000
5133.000000
5839.000000
4714.000000
5004.000000
5090.000000
4922.000000
4904.000000
5116.000000
5062.000000
5410.000000
4847.000000
5807.000000
4805.000000
4849.000000
4867.000000
5075.000000
5166.000000
4979.000000
4900.000000
5324.000000
5723.000000
5853.000000
4798.000000
4756.000000
5846.000000
4975.000000
4855.000000
5056.000000
5058.000000
5307.000000
5270.000000
5987.000000
4783.000000
4883.000000
4895.000000
4857.000000
4913.000000
4810.000000
4958.000000
5318.000000
5136.000000
5837.000000
4932.000000
4687.000000
4788.000000
14471.000000
4999.000000
5035.000000
5072.000000
5180.000000
5071.000000
5771.000000
4845.000000
4813.000000
4563.000000
4797.000000
4952.000000
5044.000000
4992.000000
5380.000000
4994.000000
5857.000000
4806.000000
4793.000000
4992.000000
4611.000000
4885.000000
4821.000000
4887.000000
5489.000000
5829.000000
5947.000000
4977.000000
4773.000000
4775.000000
4863.000000
4870.000000
4837.000000
4882.000000
5394.000000
5742.000000
5965.000000
4933.000000
4638.000000
4700.000000
4699.000000
4504.000000
5045.000000
4917.000000
5159.000000
4807.000000
5919.000000
4927.000000
4957.000000
4699.000000
4797.000000
4924.000000
4555.000000
4910.000000
5037.000000
4910.000000
5797.000000
5152.000000
4866.000000
5084.000000
4745.000000
4664.000000
4910.000000
4900.000000
5094.000000
4879.000000
5913.000000
4883.000000
4891.000000
4681.000000
4629.000000
4960.000000
5027.000000
4830.000000
5043.000000
4917.000000
5925.000000
4725.000000
4863.000000
4871.000000
4785.000000
4780.000000
4857.000000
4739.000000
5113.000000
4846.000000
5712.000000
4887.000000
4783.000000
4904.000000
4892.000000
4868.000000
4840.000000
4661.000000
4873.000000
5938.000000
5672.000000
4827.000000
5018.000000
4825.000000
4538.000000
4760.000000
4975.000000
4936.000000
5207.000000
4651.000000
5780.000000
4887.000000
4956.000000
4679.000000
4829.000000
4870.000000
4623.000000
4778.000000
5158.000000
4897.000000
5901.000000
4904.000000
4954.000000
5116.000000
4907.000000
4793.000000
4750.000000
5021.000000
5229.000000
4762.000000
5821.000000
5172.000000
4919.000000
4727.000000
4775.000000
4823.000000
4978.000000
4708.000000
5302.000000
4895.000000
5526.000000
5003.000000
4830.000000
5105.000000
4865.000000
4863.000000
