129823
69180
69574
67435
75400
68985
70190
74941
65393
66442
67862
68190
67339
69254
70144
69214
70898
76866
65817
62500
67013
67167
69162
67443
67439
68449
70100
77037
67143
58192
65922
66885
66780
68171
67900
68611
68677
77925
68054
65039
60264
67263
67462
66584
67290
67386
71187
78190
68253
66024
65664
63951
64956
66787
68659
68625
68554
77056
69239
70065
65738
63830
63379
63726
67676
66984
70378
78384
68833
66677
66869
64251
61719
65156
67335
66844
69111
78594
70296
68425
66785
66367
65948
56365
63522
66893
67344
77348
69254
69529
67854
65886
66135
63995
54738
66986
66265
76146
72197
66690
67183
65148
65855
64063
59573
66738
69393
75810
68716
65237
67515
66742
65725
66378
69400
63019
65096
79718
69707
70218
70175
67605
68784
67610
77207
64001
64658
77707
70512
70410
68095
69445
68240
68252
66858
66598
64298
77897
70901
67039
67494
68608
68828
67150
66013
125933
67052
77705
70448
71602
70609
