130024
66509
73850
66365
65515
66177
65037
65236
64939
66132
65969
65696
71737
65633
63945
65272
65106
66646
64451
64326
65090
67117
68988
63746
64339
67501
64815
64655
64536
68038
67071
65009
71227
64019
61102
63568
65127
66458
65396
64226
64464
66347
73173
60702
60499
65509
64946
64829
65073
65379
65591
66952
74700
65131
53759
60709
63056
65539
64832
77575
65136
65628
74047
63403
61169
51369
62666
63158
63943
64956
65367
64748
73154
66097
60431
52429
62794
64402
64180
63405
64215
64732
75778
64821
63193
64115
58788
59833
63499
67570
64539
65071
74802
66964
64633
62428
60681
58360
61072
62102
65239
68587
76039
67402
62662
64333
62139
58919
58702
63429
65293
64590
75572
64973
63698
63097
61774
62524
57582
60229
62861
65408
76258
66208
66821
65239
62975
62478
56800
52145
64506
64087
75966
67931
64184
64241
63513
67457
62662
60823
55553
63546
75844
68129
65220
66020
64016
63604
64204
70804
61297
