125047
67173
63321
61848
66727
68699
68928
71542
80392
70130
69765
73624
65100
64125
65734
66467
69683
71850
81209
70969
70743
71923
66428
66821
64176
64855
68030
68307
79889
71638
72489
68645
66985
67309
63667
64074
66131
69857
79420
71083
72782
71377
69605
66073
65676
57435
62439
70074
79235
71658
71260
68827
69146
70280
68207
64488
64547
70008
80269
73111
74898
70877
67678
67704
68142
67267
65819
65841
77448
70436
72998
72397
71140
70642
67804
68321
66695
66821
78517
71322
71956
71365
70288
72188
71358
68334
66203
64532
76777
75270
72781
71128
70374
71651
69486
80722
67003
69430
77523
72571
74547
72339
72141
69802
70291
71008
69086
70646
80153
72148
72388
72363
70728
71680
70620
68756
69326
70448
79436
70678
74454
71543
68912
69686
70207
70979
70968
70457
77213
69333
72315
72568
72086
72082
71338
71207
70393
72913
78702
71490
73554
71036
71511
72838
72242
70552
70676
69531
80573
71044
72811
