139349
70803
71975
68926
66673
64457
66277
69266
68615
70173
80372
71143
70522
68407
66202
64428
63758
67608
69896
72900
78518
68992
71464
71181
67244
66261
63031
66287
66495
72241
78511
73213
71370
68707
69064
68751
66758
54630
65682
70357
79665
71628
71326
71319
70124
67207
65711
66045
65163
66681
78396
71029
71950
70984
70233
69414
66577
72453
63771
71619
79163
72545
73949
70464
69636
70691
68088
71416
67071
59006
76979
71407
73453
70801
71646
72055
68345
68372
67165
66525
74595
69819
72135
72514
69875
68962
69533
75530
67651
71161
77769
73278
75311
70756
70014
72325
127376
69517
69142
70926
78310
71778
71924
73201
71778
71540
70299
72256
70368
70203
80772
70234
72363
72235
71848
73046
69577
78028
70442
72137
80418
71154
73073
74356
70431
71512
71983
72602
70014
70262
80957
74068
71847
72081
69711
70477
71819
70527
69579
73831
80985
72599
70836
71274
71448
69998
71132
71753
68904
73476
80183
