137112
71472
69838
70136
68344
72076
69515
71167
78374
68436
69791
70180
68867
71478
68931
69659
68122
74076
78779
68714
70317
70125
69536
70810
70465
71431
71014
72107
77987
69420
68529
69767
69902
69974
69424
71744
76617
130780
78827
66067
71227
68973
68139
69230
68453
69440
70247
72269
78592
65388
66951
67344
67458
70731
68945
69529
69067
71877
77418
65252
67251
68662
68045
69511
68138
72743
69402
72323
77947
60676
60343
66067
68397
69528
68734
69107
69264
74159
78296
64290
64824
64316
65680
68006
67974
67317
69003
68802
79618
70180
65818
62858
65361
68034
70026
71067
79609
70643
78828
65959
69130
66100
62098
64794
66959
68765
67218
70764
79087
66179
67500
65864
63338
65525
64918
65116
68013
71080
79930
69017
67713
67439
65171
63439
57880
67669
66648
70036
79511
69753
69535
67333
66730
65359
62535
63078
66027
76182
79959
69570
70153
67400
70986
66512
62355
64289
64929
67270
78364
72374
70267
