87280
76267
74464
79029
63720
67074
67657
67413
70677
68460
70554
77398
73127
78024
65858
66303
65560
71727
69479
69352
70677
71208
72259
79258
66318
65703
64826
65653
65988
71535
70667
70805
71693
80698
68611
68449
55792
61299
67651
69138
69290
69673
72106
79346
68021
67489
64506
64189
64612
65396
69696
69865
68882
78521
68866
69880
66985
64473
64312
67783
65793
66723
70789
78411
68690
70056
67771
64883
61821
63501
67353
66158
67948
80495
70482
69814
67769
66434
67657
59390
61074
72069
68467
79088
67860
70857
70158
68676
67680
67430
64025
63055
66269
79325
71802
67907
68011
67796
68627
64744
62643
63731
68540
79665
71353
70045
70350
70229
68395
65595
66073
63599
65640
77705
70445
69795
67514
67216
68041
66010
66104
73959
57667
74598
69891
73007
70820
67659
68545
67872
69438
67115
64930
76740
70070
71486
70611
67097
70057
68800
68050
66554
68901
78228
72001
72335
69988
67582
68182
68917
68719
