87147
70382
73691
69403
67658
68594
68802
78470
71258
71222
70783
70089
69905
68829
69591
72163
70765
77375
68608
70626
68238
67971
71710
70375
70681
69747
69567
76676
68221
72488
69877
68374
68200
68461
69148
69598
71949
78178
72026
70516
68038
68992
71893
69959
69218
68588
70124
78694
70193
72645
70618
68427
69065
70333
70240
68694
69715
77866
67592
72197
67663
68193
69576
67705
67147
69804
72296
76417
67340
69852
70907
71015
69127
67893
69064
69847
70523
76476
65500
67237
65463
68417
68519
72150
69688
68911
129736
67697
61321
71768
68435
66747
68818
71558
69591
69639
70627
75482
64238
66445
66875
68434
70125
69229
87775
70243
72796
78436
64652
65798
68682
67066
66467
68175
69678
69188
69680
77680
66303
63836
64084
65972
67949
68306
70352
70351
69911
76577
66053
66273
58359
64143
65612
67675
69404
68821
67982
78049
68220
69435
63498
61360
65580
66559
67831
67338
69337
78035
68711
67591
67922
