87121
70828
68508
72115
75888
66995
68676
66279
68591
71559
69369
70012
69403
69861
70203
61079
65166
67977
66495
68694
69222
72289
69410
69357
74197
63024
65728
67963
67476
71130
69538
77024
67979
71375
75990
61595
64636
64566
66100
67834
68608
71289
68923
70711
76062
64235
58875
61523
65424
67819
67575
67592
67076
71384
75908
66306
64474
63820
64310
68516
67625
68071
68485
70335
79052
67992
67360
60986
63269
67097
66695
68331
67294
70931
77900
67926
69737
65955
62262
62525
64954
66817
67147
69819
78704
69406
69387
64739
61918
65694
63599
76262
67351
69972
79009
68476
69759
67102
64502
63245
61204
64833
65075
68631
79538
69000
69098
68808
65521
65118
61805
62479
64308
69349
77830
68326
68267
67227
66221
65012
63702
54879
60970
66952
80036
70598
69474
64782
66347
68230
64256
63597
60851
65003
78506
68996
70065
70260
66871
68496
65583
65492
61984
62400
77213
69499
69814
69258
66049
68637
66406
