89829
66407
66975
76829
70394
70798
68182
67564
68174
66668
66143
72931
69768
74907
68142
71160
70230
68546
67650
68961
68919
67845
66812
75786
69396
69199
68784
69140
70703
69795
67070
66059
68854
76608
68921
69574
70135
68086
68185
68132
72191
67642
68850
77429
68298
69632
67423
67144
69461
67557
67336
66202
69203
75364
66393
71733
70501
77679
69499
70029
69931
67246
72262
77186
68354
68276
66787
66935
69012
67596
69465
75331
69796
78155
67127
67733
70457
68747
69303
67311
68667
67672
69759
78118
67924
69881
69142
67585
69753
69919
67370
67785
70064
76705
67700
67891
68962
68992
68800
69243
70615
69318
69559
76945
66245
68243
68669
67525
67614
67267
66328
68150
72083
77000
63885
68232
67394
66406
67172
67887
67829
68100
69072
77559
62547
66179
65641
67597
68022
66645
68948
77689
70550
78052
62200
62906
66256
64951
65887
66474
66707
69950
70442
79382
63443
65272
58347
63797
69517
66016
67283
