137541
71987
70366
68832
66484
67163
57953
59994
66963
69530
80816
72597
71025
70398
67647
66829
63146
62406
63776
67851
79857
69658
70165
69048
67399
68959
65312
62500
71105
71546
79995
70689
72812
69951
67326
69573
67212
68445
62739
63008
79251
71536
70828
70221
68853
69502
66486
66547
66210
62710
77265
69089
71396
71292
69204
69334
67875
68638
65534
67004
78154
70703
72460
69274
68717
72941
70185
67146
66304
66519
76496
71104
73910
73267
68390
67639
67002
71073
67806
67751
74885
69371
71585
69580
72849
72142
68445
68177
66559
73594
78799
75503
72333
70927
70642
70371
69860
71149
66893
67863
77383
70891
70446
70140
70011
70062
69665
70500
68095
70373
76607
68374
69454
71165
69248
70255
70399
71540
68330
69577
77833
68729
69798
68833
69036
71323
70794
74848
69256
73741
78080
68255
70034
71456
69539
68629
70509
71275
69313
72608
78980
70944
70793
69993
69295
70286
70493
81908
68546
72658
77500
